2e-05

2

784 10 
-0.533 -0.5 0.724 0.358 -0.536 -0.855 -0.173 -0.509 0.942 0.436 -0.396 -0.847 -0.618 -0.284 0.895 0.726 0.538 0.912 -0.701 0.894 0.811 -0.667 -0.336 0.711 -0.132 0.644 -0.243 -0.141 0.741 -0.222 0.035 0.842 -0.894 -0.058 -0.352 0.805 -0.271 0.35 0.101 0.548 -0.377 0.954 0.84 0.376 -0.692 -0.561 0.323 0.538 -0.918 -0.459 0.115 0.658 0.93 -0.694 -0.614 -0.255 0.072 0.829 0.573 -0.488 0.29 -0.364 -0.233 0.574 -0.948 0.15 0.724 0.43 -0.809 0.337 -0.713 -0.617 -0.091 0.758 -0.412 -0.054 0.03 0.168 -0.409 0.655 -0.641 -0.463 -0.517 -0.959 -0.65 -0.164 0.02 -0.979 0.199 -0.516 -0.266 0.999 0.938 0.788 -0.533 -0.107 -0.517 -0.579 -0.383 0.514 0.616 0.451 0.249 0.556 -0.697 0.008 -0.391 -0.298 -0.515 -0.657 0.587 0.503 0.2 -0.382 0.796 0.281 -0.202 0.157 0.622 -0.708 -0.821 0.657 -0.809 -0.112 0.511 -0.366 -0.945 -0.354 -0.114 -0.567 -0.858 0.416 0.998 -0.349 0.699 -0.524 -0.611 -0.288 -0.49 -0.131 -0.312 0.789 -0.577 -0.415 -0.715 0.426 0.757 -0.068 -0.846 0.189 0.329 -0.308 -0.445 -0.451 0.512 -0.94 0.753 -0.577 0.996 -0.471 0.437 -0.051 0.195 -0.584 -0.895 -0.718 0.734 0.701 -0.329 -0.737 -0.645 -0.947 -0.192 -0.055 0.756 0.558 0.982 -0.856 -0.778 -0.839 -0.55 -0.534 0.659 -0.561 -0.976 0.51 -0.351 -0.687 -0.978 -0.982 0.905 0.391 0.625 -0.586 0.824 0.874 -0.841 -0.93 -0.703 -0.823 -0.73 -0.332 0.985 -0.52 0.627 -0.901 -0.375 0.924 0.972 -0.819 0.432 0.593 0.031 -0.858 0.286 0.9 -0.64 -0.026 0.17 -0.167 0.76 -0.333 -0.45 0.694 0.624 -0.875 0.694 -0.698 -0.534 -0.407 0.484 -0.536 0.152 -0.913 0.926 -0.243 -0.685 -0.773 -0.242 0.109 0.086 0.487 -0.526 0.627 0.928 -0.48 -0.038 -0.404 0.261 -0.475 -0.74 -0.884 -0.674 -0.229 0.547 0.52 -0.076 0.763 -0.149 0.829 0.713 0.578 0.007 0.2 -0.561 -0.24 -0.676 0.108 -0.113 -0.15 -0.572 0.384 -0.46 -0.296 -0.644 0.35 -0.515 0.216 0.357 0.357 0.271 0.361 0.022 -0.888 -0.304 -0.959 -0.871 -0.435 -0.068 0.855 -0.038 0.734 -0.028 -0.631 -0.037 -0.517 0.635 -0.152 -0.062 -0.858 -0.489 -0.825 0.825 0.87 0.934 0.783 0.398 -0.299 -0.266 -0.466 0.993 0.705 -0.452 -0.7 -0.359 -0.145 0.462 -0.123 -0.322 -0.557 -0.327 0.313 -0.928 -0.39 -0.068 -0.305 0.831 -0.512 0.09 -0.411 0.145 0.314 -0.26 0.258 -0.241 0.605 -0.819 0.829 -0.392 0.997 0.556 0.627 0.541 0.24 0.174 -0.923 -0.317 0.992 0.601 0.759 -0.572 -0.916 -0.214 -0.03 0.847 -0.497 -0.337 -0.637 -0.829 -0.76 0.542 -0.087 -0.296 0.232 0.205 0.539 0.422 0.247 0.648 0.864 0.075 -0.288 -0.322 0.262 0.985 0.944 -0.46 0.508 0.87 -0.677 -0.528 0.087 0.763 0.103 0.527 -0.031 0.565 0.543 -0.912 -0.363 -0.537 -0.319 0.342 -0.94 0.758 -0.112 -0.31 -0.157 0.62 0.067 -0.217 -0.774 0.038 0.629 0.748 0.359 -0.234 -0.045 -0.274 0.025 0.001 0.496 0.515 0.342 0.913 0.196 0.072 -0.394 -0.571 -0.295 0.812 -0.907 -0.964 0.141 0.994 -0.348 -0.162 0.355 0.131 0.841 -0.989 -0.814 0.65 0.634 -0.647 0.452 0.262 0.454 -0.366 -0.744 0.124 -0.787 -0.972 0.08 -0.142 -0.845 0.264 0.676 -0.091 0.561 -0.052 0.653 -0.78 -0.077 0.369 -0.741 -0.381 -0.997 0.781 -0.608 0.313 0.589 0.938 -0.59 -0.766 0.961 -0.507 0.269 -0.131 -0.3 -0.736 -0.785 0.815 0.039 0.288 0.954 -0.29 -0.226 0.815 -0.459 0.679 0.898 -0.212 -0.868 -0.311 -0.992 0.79 0.363 0.184 0.2 0.885 0.071 -0.133 -0.705 -0.175 0.629 -0.402 -0.307 -0.92 -0.751 0.528 0.864 -0.595 -0.184 0.726 0.087 0.964 0.686 0.662 -0.936 -0.585 0.873 0.941 0.762 0.531 -0.732 0.602 -0.693 0.012 -0.37 -0.191 0.556 0.293 0.152 0.345 -0.752 0.712 -0.886 0.958 0.704 0.052 0.479 -0.577 -0.134 -0.502 0.196 -0.367 -0.978 -0.608 0.925 0.458 -0.193 0.83 -0.4 -0.201 -0.552 -0.46 -0.425 0.567 -0.603 0.897 0.851 -0.77 -0.075 -0.771 -0.06 0.147 0.655 -0.208 0.754 0.146 -0.054 0.569 0.663 -0.485 -0.525 -0.472 -0.43 0.464 -0.038 -0.476 0.469 0.923 -0.667 -0.09 -0.664 0.278 0.636 -0.836 0.949 -0.495 -0.996 -0.377 0.97 -0.432 0.085 -0.627 -0.806 0.826 0.572 -0.36 -0.181 -0.389 -0.711 0.565 0.585 0.45 -0.391 0.166 -0.926 -0.7 0.573 0.161 0.968 -0.969 0.426 -0.578 -0.221 0.552 0.391 0.764 0.364 -0.745 -0.526 -0.179 0.547 0.789 -0.805 0.95 -0.246 0.012 0.439 0.912 0.967 -0.585 0.223 -0.566 0.486 -0.042 -0.194 -0.3 0.692 -0.468 -0.026 0.021 -0.778 -0.624 -0.052 0.982 -0.224 0.111 0.856 -0.075 -0.514 0.969 0.534 -0.332 0.991 0.783 0.727 0.871 0.612 0.027 0.545 0.185 -0.763 0.313 -0.15 -0.889 -0.851 0.454 -0.319 -0.733 0.793 0.472 -0.17 -0.558 0.877 -0.298 0.381 -0.177 -0.977 -0.405 -0.673 0.31 0.058 0.487 -0.472 -0.742 0.86 0.286 -0.39 0.128 0.841 0.503 -0.135 0.881 -0.25 -0.402 -0.339 -0.244 -0.722 0.435 -0.925 0.386 -0.64 -0.952 0.492 0.84 0.735 0.599 0.892 0.328 0.369 0.794 0.252 0.432 0.208 0.497 0.649 -0.159 -0.9 -0.352 0.851 -0.367 0.2 0.99 -0.081 -0.422 -0.456 0.487 -0.475 0.538 -0.807 0.011 0.834 0.497 -0.471 -0.195 0.392 0.549 -0.021 0.277 -0.807 0.497 0.276 -0.418 0.159 -0.511 0.449 0.072 0.008 -0.792 -0.497 -0.393 -0.926 -0.389 -0.239 -0.11 -0.317 0.932 -0.259 -0.187 -0.604 -0.385 -0.401 -0.32 0.032 -0.416 0.517 -0.33 -0.118 0.523 -0.895 0.095 0.916 -0.822 0.058 -0.25 0.729 -0.005 -0.324 -0.101 0.565 0.608 0.243 0.514 0.055 0.973 -0.252 -0.014 -0.554 -0.483 0.916 
-0.166668 -0.412859 -0.770769 -0.141224 -0.330552 -1.25773 -1.18298 0.053892 -0.436913 -1.43372 


-0.82 -0.903 0.065 0.065 -0.487 0.261 -0.422 0.078 -0.122 -0.86 
-0.389 0.947 -0.555 -0.83 0.975 0.489 -0.25 -0.851 0.333 0.865 
-0.786 0.282 0.007 0.432 -0.104 -0.633 -0.478 -0.118 0.81 0.641 
0.231 -0.813 -0.295 -0.521 -0.679 -0.462 0.351 0.447 -0.792 0.646 
-0.724 0.759 -0.811 -0.578 0.666 -0.514 0.455 -0.972 0.614 -0.14 
0.253 0.777 0.348 -0.497 -0.139 -0.569 0.082 -0.545 -0.803 -0.894 
-0.248 0.821 0.296 -0.719 -0.979 -0.545 0.947 0.124 -0.682 0.135 
0.376 0.774 0.859 -0.002 -0.926 0.253 -0.078 -0.365 0.643 -0.112 
-0.847 0.232 -0.253 -0.32 0.926 0.678 -0.55 -0.199 -0.039 -0.801 
-0.145 -0.637 0.716 -0.427 0.561 0.245 -0.527 -0.726 0.55 -0.647 
0.181 -0.713 -0.301 -0.89 -0.357 0.465 0.172 -0.471 0.981 -0.888 
0.476 -0.619 -0.753 -0.11 -0.329 -0.195 -0.628 -0.968 0.989 0.32 
0.164986 0.430998 0.658001 0.293 0.206 -0.422009 -0.0513026 -0.794 0.170994 -0.834 
0.395964 -0.30301 0.0200127 0.693998 0.529 -0.212025 -0.889483 0.983999 0.968986 -0.0220046 
0.616994 -0.985006 -0.373987 0.683998 0.168 0.905995 0.927989 -0.903001 -0.882002 -0.610005 
0.199 0.785 -0.513999 0.199 -0.58 -0.29 -0.729 0.813 0.415 -0.915 
-0.682 0.58 0.331 0.267 -0.613 0.444 0.186 -0.493 -0.64 0.827 
-0.926 -0.569 0.152 -0.729 -0.732 -0.307 0.885 -0.663 0.311 0.604 
-0.323 -0.594 0.768 0.022 0.413 0 -0.458 0.537 -0.962 0.388 
0.355 0.289 0.647 0.181 0.093 -0.416 -0.013 -0.239 -0.507 -0.783 
0.501 0.482 0.447 0.665 -0.247 -0.896 0.084 0.095 0.525 -0.779 
0.964 0.781 -0.128 -0.894 0.656 0.343 -0.407 0.08 -0.92 -0.132 
0.411 0.713 -0.032 0.251 0.216 -0.921 -0.232 0.04 0.531 -0.067 
0.779 -0.337 -0.741 -0.347 0.936 -0.905 -0.635 0.874 0.72 -0.165 
0.68 -0.024 -0.545 0.725 -0.929 -0.192 0.559 0.156 0.602 0.832 
0.905 -0.56 0.375 0.562 -0.115 0.962 0.08 0.836 -0.203 0.202 
-0.492 -0.92 0.34 -0.924 0.058 0.493 0.74 -0.454 -0.526 -0.227 
0.097 -0.12 0.335 0.072 0.4 -0.293 -0.045 -0.334 -0.859 0.588 
-0.519 0.168 -0.685 0.396 -0.775 0.009 -0.988 -0.864 0.455 -0.238 
0.043 -0.258 -0.979 0.922 -0.488 0.248 -0.982 0.368 0.717 0.714 
0.65 0.29 0.335 -0.241 0.169 0.895 0.303 -0.36 0.979 -0.801 
0.105 -0.209 -0.339 -0.319 0.652 -0.247 -0.967 -0.971 0.987 0.042 
-0.747 -0.917 0.42 0.814 -0.282 -0.756 0.0630098 0.229 -0.348 -0.136 
-0.231001 -0.530001 0.005 0.047 0.594 0.487 -0.673964 0.276 0.323 -0.46 
0.678982 0.989986 -0.412 -0.29 0.271 0.944982 0.223511 -0.53 -0.817 0.588996 
0.954954 -0.0220643 -0.220996 0.00599985 0.262 -0.865047 0.492102 0.195999 0.0329941 -0.912008 
-0.0650774 0.777666 0.993187 -0.210004 -0.0380013 -0.0350757 0.00559248 0.104996 0.806958 -0.433023 
-0.331345 0.132756 -0.328857 0.45699 -0.00201043 0.544882 0.603107 -0.782017 -0.162073 -0.156055 
0.370735 -0.438431 0.0280627 0.263973 -0.199069 -0.277156 0.495783 0.603969 0.600876 -0.773268 
0.197018 0.691444 0.770995 -0.637005 0.300847 -0.63731 0.731464 0.564951 0.420901 0.444754 
-0.389289 -0.505495 -0.259022 0.0219999 0.811817 0.150515 0.0303562 -0.945045 0.392913 -0.262075 
0.27796 0.88117 0.607954 -0.346002 0.821603 -0.293217 -0.740986 0.337975 -0.856066 -0.710037 
0.335633 0.154459 -0.396 -0.377006 -0.775221 -0.922119 0.727809 0.98099 -0.670121 0.732938 
-0.779324 -0.405132 0.130012 -0.154072 -0.0130989 0.444774 -0.194356 -0.384017 0.749893 -0.511037 
0.336089 0.960839 -0.865064 -0.303499 -0.791341 0.629362 0.219233 0.907998 -0.263033 -0.526009 
0.919268 0.37136 -0.706993 0.854693 -0.266406 0.560717 0.0586257 0.605999 -0.816035 0.0749947 
-0.618239 -0.881131 -0.259028 -0.568006 -0.316308 -0.221105 -0.714543 -0.717 -0.333023 -0.164002 
-0.875122 -0.882086 -0.263033 -0.972 -0.881178 -0.423089 -0.258773 -0.909 -0.444037 -0.205002 
-0.94006 0.90092 -0.207018 0.431999 -0.864036 -0.42008 -0.121792 0.907 0.183951 -0.926001 
-0.281021 -0.210032 -0.524009 -0.959 0.350987 -0.671018 -0.706956 -0.026 0.0719509 0.591 
-0.811013 0.786988 0.489998 0.239 -0.10701 0.0529919 0.064427 -0.319 0.902986 0.00499999 
-0.824005 -0.521005 0.695 -0.861 -0.532001 0.997995 0.0831844 0.639 0.515 0.621 
0.993 0.826 0.722 0.838 -0.172 -0.419 -0.601 -0.022 0.891 0.023 
-0.057 -0.166 -0.757 0.349 -0.298 -0.293 -0.498 0.141 -0.313 -0.654 
0.891 -0.363 -0.587 0.4 -0.184 0.69 0.162 -0.065 0.126 0.41 
0.877 0.382 -0.74 0.189 -0.295 0.874 -0.337 -0.278 -0.805 -0.434 
-0.64 -0.962 -0.412 0.811 -0.755 0.467 -0.575 -0.133 0.189 -0.458 
0.063 0.547 -0.498 0.617 0.099 0.023 0.226 0.203 -0.952 0.051 
0.569998 -0.364001 0.458 0.967 -0.544 0.404999 0.531021 0.962 -0.181 0.975 
-0.443864 0.530999 0.494999 -0.956 -0.409 -0.197001 0.388005 -0.085 0.45 -0.681 
-0.727956 0.790996 0.382996 -0.867008 0.775 -0.358006 0.569204 -0.7 0.953994 -0.922 
0.58499 -0.743005 0.333 -0.107003 -0.51 -0.897006 -0.24962 0.233 -0.278008 -0.729053 
0.610932 -0.0100953 -0.661995 0.640969 0.258 0.0469127 -0.642411 0.657734 -0.521073 0.301672 
-0.316306 -0.011379 -0.997913 0.567642 -0.578016 -0.105583 -0.85191 -0.993266 -0.639154 -0.258377 
-0.806988 0.692359 0.188314 -0.823011 -0.958016 0.355634 0.961541 0.84475 0.468708 -0.655362 
-0.625731 0.902829 -0.035024 0.707015 -0.93906 0.38294 -0.896188 0.500269 0.461439 -0.29884 
-0.910274 0.0572435 0.155714 0.525965 0.551547 -0.928813 0.203331 0.723975 -0.756782 -0.161239 
0.029419 -0.892109 -0.933251 -0.63909 0.551015 -0.232495 -0.459091 0.727866 -0.254237 0.503326 
0.831255 -0.615051 -0.499847 0.101127 0.349881 0.670291 -0.839442 0.0395297 -0.480419 0.0773147 
0.50936 0.815462 0.852392 0.0192808 0.236571 0.903063 0.610173 0.647116 -0.422645 0.465925 
0.549417 0.859278 0.181049 0.216397 -0.391479 -0.658574 -0.079116 -0.8224 0.631244 -0.150275 
-0.172793 0.651059 -0.0963524 -0.74566 0.405333 0.762457 0.122636 0.271918 0.836402 -0.318775 
-0.166982 0.908731 0.717326 0.878691 0.679666 0.259133 0.840429 -0.935722 -0.614802 -0.0711155 
0.554817 -0.925951 -0.997685 0.11616 0.00813414 -0.37704 -0.318859 0.151698 -0.373256 0.170333 
0.803441 -0.599097 -0.705673 0.416759 0.657951 -0.515936 -0.28233 -0.823059 0.0674014 0.235097 
-0.580126 -0.36315 -0.160556 0.629472 0.0185514 0.88816 -0.262226 -0.726023 -0.00992723 -0.218536 
-0.809545 0.452963 -0.710389 0.660316 -0.700864 -0.00484569 0.239697 -0.577026 -0.11205 -0.283159 
-0.362936 -0.301418 0.565594 -0.117903 0.656984 -0.34166 -0.690171 -0.614002 -0.349582 -0.235041 
0.598102 -0.161358 0.208725 0.496404 0.281433 0.24972 -0.904321 -0.579002 -0.825298 -0.419015 
-0.214991 0.270724 -0.713053 0.998616 -0.496086 -0.0211042 -0.847432 -0.3 -0.470083 -0.53901 
-0.882234 -0.79509 0.539987 -0.172015 -0.541014 0.621973 -0.598283 0.76 0.0979573 -0.0650084 
-0.519016 -0.386007 0.567001 -0.507003 -0.404 0.160995 0.746132 -0.462 0.669993 -0.462 
0.476 0.555 -0.083 -0.629 -0.24 0.752 0.758 0.433 -0.745 0.065 
-0.274 -0.599 0.034 -0.241 -0.607 -0.452 0.273 -0.208 -0.807 -0.067 
-0.863 0.103 0.69 -0.789 0.694 -0.332 -0.373 0.498 -0.011 0.248 
0.879 0.647 0.149 -0.069 -0.331 -0.125 0.598 0.449 0.436 -0.401 
-0.877007 0.443063 0.730999 -0.846 -0.139001 -0.566003 0.385034 0.967 -0.184001 0.392998 
-0.295685 0.866008 -0.0470052 -0.692001 -0.777 -0.316007 -0.207358 -0.333001 -0.952002 -0.531 
0.930057 -0.189013 0.813995 -0.910005 0.427 0.743047 0.60446 -0.401069 -0.526065 0.194994 
-0.495954 0.157772 0.589148 0.858685 0.80895 0.888914 0.445684 -0.960947 0.817802 0.363061 
0.97137 -0.975876 0.089617 -0.497478 -0.934029 -0.588396 -0.158666 -0.432724 -0.324418 0.392972 
-0.366109 0.978822 0.652478 0.105661 -0.813044 -0.918772 0.0930317 0.380156 0.249168 -0.317588 
-0.260554 0.358276 -0.870543 0.495408 -0.723235 -0.140781 -0.565977 0.541473 0.870354 -0.175527 
-0.154923 -0.612211 -0.351878 -0.11935 -0.522675 -0.12432 -0.0687526 0.229973 0.257071 0.0303054 
-0.285683 0.761205 0.861103 -0.484456 -0.0731788 -0.242217 0.142302 0.202833 -0.32939 0.308842 
-0.753304 -0.0813229 -0.25365 0.320409 0.970334 0.563586 -0.61615 0.0187286 -0.928032 -0.0982906 
-0.968447 0.188384 0.836457 -0.261281 0.563983 -0.319198 0.109558 -0.0523656 0.894015 0.12595 
0.576797 -0.392927 0.553813 -0.941053 -0.0721411 0.0686022 -0.629385 -0.92789 -0.173399 0.816983 
-0.31318 -0.42356 0.408677 0.18469 0.614875 -0.761768 -0.107608 0.827326 -0.942434 0.732832 
-0.652377 0.180417 -0.09009 0.491248 0.563454 0.167257 0.497149 -0.897489 -0.883322 0.370373 
-0.0616902 -0.666238 -0.822208 -0.316774 0.422678 0.895348 0.320475 -0.288653 0.405239 -0.362498 
0.520372 0.534033 -0.272513 0.94314 0.625628 0.922783 0.0707396 -1.00296 -0.571924 0.0764482 
-0.455269 -1.02549 0.138115 0.4863 0.905153 0.260125 0.237714 -0.743104 -0.196576 0.044713 
-0.45088 0.61874 -0.323227 -0.89988 0.786445 0.0274521 0.212737 0.260146 0.605894 -0.0995822 
-0.98728 0.877762 -0.160306 -0.305543 0.581404 -0.465364 0.208096 0.754128 -0.312493 0.442639 
0.048505 -0.789004 0.826447 -0.570682 0.215608 0.798659 -0.623847 -0.678656 -0.731956 -0.872807 
-0.141198 0.0250506 -0.831558 -0.146147 -0.37431 0.0849068 0.97753 -0.123016 -0.0799552 0.0806828 
0.389868 0.0185167 -0.80767 0.103489 0.411625 0.766098 0.79042 0.406895 -0.324438 0.782201 
-0.297547 -0.212618 0.83366 -0.109482 -0.379037 -0.914789 0.741509 0.189994 -0.4584 0.997374 
-0.915056 -0.982573 0.6209 -0.576012 -0.403 0.37598 -0.745923 0.669 -0.892048 -0.0730842 
-0.507251 -0.932001 -0.634053 0.101996 -0.562 -0.4 -0.180999 -0.682 -0.710002 -0.016 
-0.661 -0.444 0.808 -0.368 0.478 -0.186 0.787 0.239 -0.926 0.02 
-0.173 -0.446 0.988 0.441 -0.202 0.642 0.002 -0.679 -0.896 0.946 
0.0559994 -0.491001 0.832999 0.708024 0.761 -0.467016 -0.314 -0.196 -0.615001 -0.858 
-0.158007 0.260199 -0.839001 0.620049 -0.657006 0.577999 0.186951 -0.887014 0.0629934 -0.409009 
0.934201 -0.584978 -0.34403 0.761635 0.0119578 -0.589011 0.95948 -0.748701 -0.262038 0.369526 
-0.876232 0.507084 -0.993121 0.589195 -0.0490783 0.100873 -0.514924 -0.0415862 0.44066 0.787736 
0.00865238 -0.589818 -0.145023 0.0717531 0.0936492 -0.529425 0.38913 -0.326438 0.542126 0.366203 
-0.74734 0.641186 0.275667 0.548807 -0.467748 -0.242577 0.446639 -0.507831 -0.272402 0.0931095 
0.858037 -0.573113 0.954141 -0.580064 -0.430282 0.51202 0.43729 0.373718 -0.509114 0.483694 
-0.636462 -0.666304 -0.737366 0.435335 -0.393244 -0.974327 -0.70906 0.40517 0.164324 -0.379108 
0.797247 0.431817 -0.474729 0.244666 -0.504476 -0.254555 0.759164 0.66465 -0.379728 0.417905 
0.541063 -0.423308 -0.47289 0.314868 -0.83841 0.520979 -0.454973 -0.0162195 0.23976 0.310799 
0.441649 -0.444881 -0.951518 -0.631058 -0.960218 -0.690313 0.176468 0.324499 0.125473 -0.615841 
0.572617 0.753789 -0.0779878 0.65219 -0.278562 0.208773 0.597878 -0.0547527 -0.720539 -0.766184 
-0.163801 -0.90115 -0.528488 -0.830691 0.679111 0.773749 -0.038433 0.294424 -0.778562 -0.169077 
0.638048 -0.31404 -0.279198 -0.0598825 0.307625 0.247915 -0.236766 -0.0300584 0.28974 -0.506266 
-0.892509 -0.231824 -0.0315846 0.0621829 -0.22388 -0.366137 -0.174025 0.673431 -0.0498908 -0.924195 
0.032493 0.486076 0.476315 -0.724947 -0.164629 0.827701 0.853275 -0.694074 0.32907 -0.888806 
0.317672 0.101438 0.555424 0.429262 -0.617826 -0.0849894 0.955317 -0.720613 -0.896784 0.280569 
0.00717847 -0.542121 -0.932131 -0.764705 0.723542 0.959637 0.494557 -0.419755 -0.770201 0.492541 
0.716121 0.143592 -0.54717 -0.164153 0.371646 0.321168 -0.252695 0.327334 0.210465 -0.651635 
-0.934221 -0.825734 -0.696268 0.715247 0.544997 0.438602 1.09804 0.821798 -0.0505234 0.405832 
0.802138 1.0075 0.962237 0.351216 -0.452445 -0.179727 0.931835 0.341449 0.330398 -0.650681 
0.154024 0.168528 -0.334019 0.484242 -0.695506 0.87108 0.67525 0.159506 0.446882 0.197854 
-0.27242 -0.765152 0.661361 -0.986994 -0.887156 -0.401492 0.307029 -0.346138 0.39153 -0.973283 
0.159961 -0.431182 -0.263033 -0.479847 0.673891 -0.677672 0.790114 0.376514 -0.00772134 -0.421924 
0.599966 -0.51515 0.630304 0.742918 -0.612021 -0.389642 -0.283073 -0.0810826 -0.742699 0.925271 
-0.391878 -0.88109 0.478858 -0.284111 -0.69999 0.395958 -0.147037 0.457986 -0.169985 -0.407179 
-0.194003 0.848993 -0.146007 -0.728012 -0.84 -0.706002 -0.946 -0.667 -0.854037 -0.771 
-0.529 -0.572 -0.441 -0.759 0.421 -0.312 -0.634 -0.967 -0.315 -0.73 
0.329 -0.739 -0.14 -0.792 -0.018 -0.838 -0.494 -0.122 0.979 0.897 
0.886828 -0.461968 -0.531043 -0.216497 0.54 -0.205019 0.26613 -0.367021 0.508986 -0.443005 
-0.6827 -0.865506 -0.947146 -0.860425 -0.742016 -0.407081 0.842266 0.693214 -0.534181 -0.0492757 
-0.862747 0.0936826 -0.063085 0.195868 -0.48815 -0.903953 0.544673 -0.308224 0.816372 0.486907 
0.277245 -0.771147 0.530004 -0.32027 0.295566 0.703099 -0.640051 0.612664 0.806825 -0.237329 
0.712413 -0.182865 -0.817853 -0.323342 -0.883474 0.373817 -0.771265 -0.0773254 -0.790513 -0.530377 
-0.271048 0.143827 -0.295003 -0.174657 0.00627855 -0.104073 -0.421434 0.591191 -0.806846 -0.0877048 
0.598247 -0.714864 -0.054527 1.00819 0.04693 0.7478 -0.546376 -0.582058 0.931998 -0.880298 
-0.112033 -0.517585 -0.75999 0.985833 0.145271 0.54685 0.55075 -0.760172 -0.893365 -0.0785858 
-0.880265 -0.609749 0.475358 0.341033 -0.0523483 -0.60822 0.521184 0.186653 0.491337 0.386603 
0.620799 -0.21071 -0.977768 -0.602712 -0.804964 0.710358 -0.417673 -0.883868 0.24267 0.108504 
-0.464454 -0.507811 -0.579321 0.0669161 -0.502122 -0.363348 0.0205425 0.259364 0.324087 -0.537235 
0.465579 -0.0024161 -0.994767 0.884282 -0.270147 -0.774951 0.352668 -0.480625 -0.25472 -0.88277 
0.191058 0.0048449 -0.308559 0.864338 -0.668975 -0.465204 -0.782338 0.298109 -0.88038 0.171533 
0.233189 0.117744 0.254919 -0.941243 0.174223 0.00661855 -0.687013 -1.16211 -0.0541366 -0.341683 
0.124816 -1.11167 0.699191 0.673922 0.466936 0.7949 -0.607943 0.162132 0.631874 0.412675 
0.725887 0.17382 -0.409301 -0.929199 -0.0355479 -0.190378 -0.445863 -0.218904 -0.498951 -0.738197 
0.722202 0.418657 0.800519 0.0211969 0.0274778 0.25617 0.658427 -0.311757 0.346253 -0.935308 
0.167576 0.860209 -0.64072 -0.158409 -0.563611 -0.107808 0.398152 0.854114 0.534112 -0.37471 
0.12516 0.644441 -0.216725 -0.0401346 0.65666 -0.0493624 -0.990645 -0.319373 0.590598 -0.915195 
0.68019 0.717285 0.432304 -1.09575 0.802999 -0.17976 0.19934 -0.15107 -0.116721 0.775568 
-0.476813 0.868367 -0.684298 -0.89686 -0.98278 -0.748054 0.816742 -0.15671 -0.0665543 0.715567 
-0.755207 -0.40296 0.840419 -0.640175 0.526529 0.14011 -0.690781 0.750333 -0.788244 0.878009 
0.136424 0.565138 -0.0659073 -1.03092 0.88109 0.0400584 -0.493146 -0.41308 -0.477574 -0.884261 
0.217797 -0.759729 0.923924 0.894319 0.192491 -0.554101 -0.816012 -0.775091 -0.282083 -0.527688 
0.220762 0.0901929 -0.565253 0.222866 -0.906179 0.582251 -0.133254 -0.373527 -0.995202 0.141384 
-0.314436 -0.411006 -0.460013 -0.763006 -0.150001 -0.240992 0.578001 -0.0440006 -0.323072 -0.597 
-0.958 -0.7 0.811 0.225 0.143 0.595 0.016 -0.385 -0.196 0.006 
-0.632 0.640999 -0.665 -0.301958 0.325 -0.687 -0.977 -0.688 -0.382 -0.543 
-0.604018 -0.661069 0.0860352 -0.905434 0.84581 0.0429868 0.521987 -0.0886491 -0.72002 0.453462 
-0.642298 -0.15197 -0.129991 0.00699597 0.871447 -0.673407 0.408787 0.454113 0.895639 -0.534695 
-0.557099 0.238162 -0.359015 0.70473 0.521222 -0.79067 -0.188735 0.926062 -0.306291 0.372634 
-0.424203 0.977222 -0.933337 -0.680433 -0.367724 0.0607576 -1.00544 -0.883546 -0.470867 -0.21955 
-0.0438747 -0.137116 -0.379992 0.872295 0.273641 0.0842738 0.603749 -0.621958 0.930226 0.745237 
-0.47483 -0.0790004 -0.0777822 -0.790548 0.94813 -0.283237 -0.321684 -0.158053 -0.57818 -0.562933 
0.394226 -0.817778 -0.969925 0.746817 0.315434 -0.206757 -1.16082 0.875266 -0.801988 0.307333 
-0.421519 -0.856355 0.28902 -0.648337 0.72826 0.225487 0.432751 -0.950508 0.931521 -1.1373 
0.41908 0.532458 0.0760425 0.517828 0.409923 -0.137684 -0.416275 -0.632797 -0.616558 0.575203 
-0.00205457 0.0602364 -0.0874285 0.384165 0.657864 0.737145 -0.507879 -0.675542 0.201266 -0.423034 
0.135998 0.797143 0.568686 0.427019 0.387048 -0.830076 -0.14364 -0.640539 0.0864722 0.118683 
0.62638 -0.510083 -0.0546539 1.02164 0.293319 -0.179373 -0.81467 -0.59738 0.165421 -0.414619 
0.93327 0.435691 0.820758 -0.158049 -0.00195142 0.575648 -0.0161534 -1.12128 -0.908831 -0.204064 
-0.42745 -0.369491 -1.0643 -0.529007 0.758184 -0.653045 -0.00500203 0.18847 -0.159666 0.184932 
0.227824 -0.449597 -0.607538 0.0363234 0.313174 -0.243957 0.100404 -0.569158 -0.260631 1.05894 
0.561201 -0.501881 -0.591672 -0.174439 0.443625 0.671961 0.122814 -1.14845 -1.00822 0.135159 
0.202321 -0.41934 0.165382 0.45175 0.194727 -0.648592 -0.728943 -0.0130523 -0.0363635 -0.830621 
-0.487107 0.744286 -0.970067 -0.0662239 -0.676033 -0.638178 0.0121821 -0.864879 0.491092 -0.154645 
-0.645084 -0.913611 0.640175 -0.26256 -0.335492 -0.847099 -0.0440386 -0.670564 -0.794106 -0.338112 
0.0478738 0.509842 -0.974114 0.648762 -0.456674 0.363707 -0.645687 0.783152 -0.449508 0.584304 
0.690018 -0.343112 0.688243 0.0172246 -0.445274 -0.0704405 0.577649 -0.50491 0.729831 0.0124531 
-0.506933 0.113909 -0.672132 0.737294 -0.767962 -0.439105 -0.965217 -0.730859 0.445391 0.570062 
-0.121931 0.341966 -0.52304 -0.322668 0.496311 -0.210445 -0.616068 0.115215 0.0823358 0.240159 
0.891482 0.0822227 -0.882261 -0.496631 0.672086 0.844906 -0.731728 0.543757 0.973683 -0.34536 
0.067142 -0.353879 0.749895 -0.605651 0.749789 0.00275279 -0.565992 -0.310546 0.0717457 0.913036 
-0.287465 0.327848 0.510946 -0.875009 0.837972 0.296218 -0.0612716 0.543173 0.0559733 -0.174056 
-0.0980005 -0.242001 -0.412002 -0.979 -0.414 -0.892001 0.777 -0.371958 0.979 -0.053 
-0.451016 0.279924 0.244964 0.129334 -0.938001 -0.574022 -0.281 -0.322298 0.0909621 -0.953139 
0.784867 0.230721 0.406142 -0.315298 0.952835 -0.231166 -0.291244 0.959565 -0.579027 0.940477 
0.464313 -0.984545 0.859898 -0.477945 -0.667595 0.187744 0.670251 -0.939236 0.00451137 0.868365 
0.374687 -0.329232 0.142348 0.455658 -0.877619 -0.524621 -0.46399 -0.494152 0.251138 -0.0664515 
0.73178 -0.726885 -0.513745 0.375411 -1.00411 0.276362 -0.130526 0.845365 -0.0119636 0.546653 
-0.601809 -0.749225 -0.767463 -0.311766 -0.526199 -0.260306 0.459141 -0.3235 -0.341477 -0.269028 
0.200445 -0.983701 0.127182 0.185806 -0.439529 0.798767 0.493421 0.937393 -0.0713868 0.34495 
0.699337 0.483468 -0.377465 0.87553 -0.601999 0.615638 -0.717391 -0.124188 0.810418 -0.84363 
-0.0269977 0.39168 0.609564 -0.661339 -0.00407036 0.732661 0.567801 0.126734 0.598963 -0.829687 
0.720026 -0.640023 -0.265423 -0.635251 0.490424 0.459081 -0.269898 -0.3858 0.566714 -0.572847 
-0.942252 0.0843962 -0.343902 0.165044 -0.547548 0.740832 -0.5038 -0.0455129 -1.00023 -0.0402435 
-0.527228 -0.632176 -1.01179 -0.589767 -0.130935 -0.992304 0.293947 0.684973 0.696344 0.745621 
0.949582 -1.02757 -0.210421 -0.458473 0.223977 0.175673 -0.952635 -0.664887 -0.756567 1.54527 
0.126485 0.0636691 -0.0633636 0.0556833 -0.557263 -0.0844874 0.376146 -0.515502 0.283818 1.12774 
-0.404463 0.0589405 -0.403905 -0.476742 0.279405 -0.317927 -0.291058 0.320846 -0.553477 -0.0873461 
0.77007 0.202011 0.694212 0.652987 -0.873285 -0.881727 -0.992385 -0.0631162 -0.566101 -0.299657 
0.340991 -0.354562 0.488618 0.422048 -0.0284974 -0.428343 0.42197 0.462459 0.807605 1.02731 
-0.412901 -0.139974 -0.117077 0.563253 -0.730424 0.341269 -0.730279 0.261456 -0.40723 -0.854856 
0.787677 0.718267 0.785519 -0.119733 -0.168852 -0.320681 -0.154326 -0.571089 -0.584102 -0.719417 
-0.497366 0.0552134 0.513362 -0.86915 0.703696 -1.04551 -0.767063 -0.565292 0.375253 0.781945 
-0.343649 -0.594095 0.262101 -0.241598 -0.712982 0.877658 -0.992379 -0.20146 0.41329 -0.850005 
0.176243 -1.07876 -0.827152 0.387212 0.463426 0.736667 -1.01876 -0.287743 -0.210955 -0.634175 
-0.141565 0.136339 0.0599588 -0.859002 0.8633 -0.309543 -0.922638 -0.320308 -0.866114 0.116626 
-0.187413 0.74529 -0.169455 -0.0692845 -0.0799386 -0.687637 0.884605 0.687351 -0.772527 -0.784845 
0.352804 0.360387 -0.773177 0.405636 0.0936111 -0.0815613 -0.715573 -0.667729 -0.417147 0.269791 
0.745797 0.813429 -0.122964 -0.700393 0.811608 0.678498 0.159038 0.35074 -0.430714 -0.962961 
-0.689108 -0.85727 -0.439088 -0.820005 -0.800023 -0.356969 0.85535 -0.939168 -0.353004 0.938965 
0.808032 0.289979 0.451989 -0.0210005 -0.382 0.418997 -0.993001 -0.715838 -0.453002 0.976999 
0.67498 -0.387102 -0.291028 0.371043 -0.358228 -0.66105 -0.664001 -0.3747 0.500939 -0.967817 
-0.870977 0.357581 0.435142 -0.532401 -0.107035 -0.49729 -0.202361 -0.775347 0.104964 0.228395 
0.0293382 -0.935875 -0.485282 -0.496064 0.572333 0.0146879 0.719741 0.820307 0.312263 -0.642997 
-0.875096 -0.18792 -0.513947 0.392255 0.576982 0.486687 -0.764699 -0.0708323 -0.732123 0.187419 
-0.658244 0.0222603 0.00784917 0.316227 0.737506 0.450726 0.493905 -0.128514 0.0455315 0.496286 
0.600463 -0.457549 -0.486143 -0.326275 -0.61565 0.302415 -0.0947719 -0.245923 0.857508 -1.16601 
0.18157 -0.156129 0.0360862 0.814555 0.184985 -0.859316 -0.720219 0.717906 -0.399703 -0.641529 
0.612641 0.173262 0.406672 -0.159725 -0.379315 0.901992 0.0193305 0.523064 -0.421758 -0.286377 
0.525996 -1.19816 -0.0384954 -0.096073 0.223989 -0.225295 -0.165239 0.959483 -0.0798736 0.15297 
-0.912363 -0.998534 0.263162 0.0976386 0.815971 -0.0435743 0.169503 -0.648637 -0.742728 0.532482 
0.462444 -1.05714 -0.628764 -0.945465 0.570597 -0.844519 -0.900561 1.00083 -0.415006 0.375046 
0.534342 -0.0434469 0.352205 0.551876 0.110534 -1.02455 0.515019 0.770912 -0.992168 -0.274426 
-0.880176 0.032244 0.720832 -0.627702 -0.0377274 0.0924997 0.312886 -0.499628 -0.636743 -0.0891288 
0.133563 -0.315559 -0.839523 0.0200344 0.552572 0.220341 0.14276 0.161421 0.835845 0.587431 
0.788711 0.203635 -0.634914 0.584447 0.609073 0.756014 0.0859735 -0.426168 -1.03435 0.619944 
0.773978 0.553653 -0.480155 -0.266298 -1.01573 -1.01613 -0.388191 0.910035 0.490559 -0.00670151 
0.742508 0.0505361 -0.150076 0.0346643 -0.608718 0.242446 -0.248567 0.475154 -0.681211 0.970981 
-0.0786021 0.103088 -0.18481 -0.330839 -0.393826 -0.330195 -1.27719 0.671455 -0.00366138 0.405101 
-0.341926 -0.231 0.641008 -0.0900889 -0.148477 -0.749047 -0.943934 -0.477454 0.65165 -0.790877 
0.963525 -0.9597 -0.447453 -0.00426933 -0.392661 -0.474777 -1.12546 0.417314 0.697022 -0.929689 
-0.74778 -0.202853 0.651135 0.0521626 0.531465 0.408154 -0.629457 0.352765 0.322795 -0.852435 
0.724065 0.336606 0.837551 -0.320299 0.512081 0.126465 0.350667 0.327252 0.106813 -0.614192 
0.516851 -0.637804 -0.124341 0.00514559 -0.611591 0.175397 0.74077 0.558546 0.277227 -0.994381 
-0.725131 0.0969558 -0.460073 -0.756393 -0.28611 -0.782318 0.0683917 -0.911906 0.29632 -0.321145 
-0.276592 0.565679 0.0470912 -0.592618 -0.356833 -0.816868 -0.694675 0.429151 -0.0846744 0.0689344 
0.955825 -0.68699 0.589269 0.59624 -0.803028 0.510604 -0.359484 -0.933748 -0.341934 -0.881447 
-0.143748 0.995959 -0.00107416 0.898983 -0.88 0.320012 -0.964523 -0.0170082 -0.0879844 0.913988 
0.952995 0.484974 -0.259026 -0.801007 0.566958 -0.792 -0.156 -0.830196 0.680998 -0.121548 
0.107958 0.207387 0.258861 0.704272 0.846913 -0.9251 -0.974001 -0.867342 0.606915 0.770323 
-0.116297 -0.872472 -0.455332 0.136349 -0.523527 0.712016 -0.851386 -0.792004 0.337963 -0.701822 
-0.211839 0.502669 0.102279 0.700047 -0.791413 0.945097 -0.366601 -0.576245 -0.867695 -0.925369 
-0.335714 -0.269213 0.551184 0.665229 0.934298 -0.0961373 -0.771645 1.02697 -0.724911 -0.615757 
-0.136432 0.734386 -0.934062 -0.761357 -0.330154 0.361708 -0.981459 -0.568429 0.460636 0.763644 
-0.764537 -0.54133 -0.0734437 -0.321769 -0.048504 0.362165 -0.137057 0.726027 0.205561 -0.63833 
-1.00119 0.52218 -0.962867 0.0975696 -0.261623 -0.0823425 -0.284008 0.061349 0.516385 -0.0547973 
-0.643432 -0.225756 -0.325346 -0.376237 0.39656 -0.0944133 -0.669062 -0.329931 -0.358888 0.47019 
0.42329 -0.327903 -0.390411 0.0671264 0.232441 -0.5461 -0.535314 1.05075 -0.695766 -0.403589 
0.0846847 -1.12534 0.15056 -0.221883 -0.140004 -0.528104 0.70265 0.483006 0.170169 -0.558417 
0.23158 0.111144 -0.448434 -0.951148 -0.0270233 -0.775618 -0.569121 -0.611722 0.43549 -0.191193 
-0.129712 -0.119772 0.297387 0.104978 -0.977625 -0.867998 -0.200255 1.24521 -0.190295 0.227784 
-0.676693 -0.871018 -0.743089 -0.773513 -0.868955 -0.199055 -0.300831 -0.29165 -0.87555 0.00348176 
-0.56074 0.741825 -1.12416 -0.838695 0.794876 -0.534866 -0.900522 -0.132162 0.211084 0.0273238 
0.938521 0.198317 0.532185 0.945452 -0.219437 0.33404 -0.178604 -0.228326 0.353899 0.455588 
-0.625124 -0.533588 0.226638 -0.728001 -0.269756 -0.304905 -0.827824 1.2367 -0.596795 -0.813894 
0.010398 -0.809857 0.461235 -0.0729201 0.75218 -0.325945 -1.21425 -0.64544 -0.503942 -1.11194 
-0.102055 -0.547126 0.00947222 1.04423 -0.330316 0.415796 0.291183 0.404665 -0.385945 -0.0700663 
0.515586 -0.978467 0.252914 -0.304963 0.0460066 -0.21605 -0.0376413 -0.513928 0.0232135 0.23218 
-0.100286 -0.666907 0.333509 -0.125067 -0.739811 -0.742376 0.51518 0.956508 0.212442 0.0254731 
0.334402 0.121889 0.809022 -0.371807 0.576789 0.79302 -1.25163 0.818395 -0.948503 -0.577412 
0.670903 0.567092 -0.71902 0.229351 -0.73252 -0.333576 -0.212149 0.00748748 0.474456 0.473241 
0.372533 0.422698 -0.60815 -0.866084 -0.558176 0.193199 -0.628114 -0.626457 0.0675661 0.617107 
-0.205565 -0.735144 0.317999 -0.205235 0.154869 -0.981082 0.591517 0.321259 -0.303255 -0.508493 
-0.436311 0.215956 0.162318 0.0750293 -0.687361 -0.158261 -0.544552 -0.592301 -0.861817 0.96739 
0.947174 0.831618 -0.694378 -0.43546 0.761688 0.473699 0.662841 0.963578 0.143592 0.0449287 
-0.294258 -0.492442 -0.28517 -0.571017 0.0659986 0.689005 -0.338639 0.770194 0.540975 -0.742063 
-0.369006 0.571971 -0.48603 -0.0340079 0.9879 -0.83 -0.832 -0.799711 -0.345002 0.849271 
0.443713 -0.0632298 -0.72222 0.404182 0.42442 -0.687144 0.522992 -0.61635 0.326933 0.0681441 
0.458709 -0.827382 0.933173 0.0945619 0.582476 0.416073 0.461805 -0.802054 -0.874257 -0.419899 
0.483962 0.211292 -0.596699 0.368598 0.852069 0.297193 -0.514494 -0.0825294 -0.777948 -0.180023 
0.856752 -0.485771 -0.878598 0.801123 0.567378 0.441938 0.334482 0.575568 0.101419 0.174369 
-0.910212 -0.921308 -0.488339 -0.403868 0.686156 0.502075 -0.579927 -0.0406822 -0.767062 0.434474 
-0.0650721 0.300892 -0.129478 0.714007 0.831199 0.618009 -1.10286 -0.456687 -0.725163 -0.705933 
-0.0350144 -0.995759 -0.563414 -0.393396 -0.579126 -0.317553 0.448198 -0.572657 0.352231 -0.30739 
0.134519 0.180059 -0.0307589 -0.950865 -0.430696 0.695115 -0.076531 -0.643978 -0.946163 -0.861643 
-0.122792 -1.00595 -0.42787 -0.473548 0.761678 -0.0353366 -0.689567 0.620558 -0.809443 -0.507722 
0.461212 0.130741 0.272214 -0.45821 -0.25032 -0.166905 0.915154 -0.377098 0.515352 -0.524335 
-0.0457707 0.142451 0.5217 -0.42642 0.0701106 0.152816 -0.361295 0.512432 0.31172 0.38711 
0.917343 -0.23165 -0.222717 0.0115608 0.200956 0.686339 -0.184523 -0.115608 -0.620018 -0.633929 
0.104373 0.573135 0.571318 -0.747217 -0.48088 -0.144301 -0.344027 -0.230617 0.885622 -0.492553 
0.0132722 -0.42403 0.524569 0.835417 0.684734 -0.884065 -0.387334 0.731213 0.430911 -0.280737 
-1.00113 0.79183 0.205368 -0.531282 0.0635102 -0.887902 0.0955358 0.210856 -0.907955 0.0273865 
-0.778531 -0.150542 0.285806 1.09572 0.665022 -1.01038 -1.03378 0.707283 0.269347 -0.935706 
0.628677 -0.156946 -0.692901 -0.496454 -0.362016 0.574744 -0.665673 -0.597334 0.251661 0.561908 
0.209777 0.361969 -0.321074 -0.360918 -0.534866 0.328512 0.0104693 0.766425 -0.791264 0.544734 
1.03552 0.604348 0.634953 0.390375 0.957582 -0.247934 -0.764312 0.614611 -0.786471 -0.870421 
-0.382792 0.588697 -0.0975657 0.845686 -0.929797 0.480909 -0.772772 -0.509638 0.30858 0.997319 
0.0782874 -0.183335 0.300206 -0.926266 -0.425637 -0.867748 -0.484375 0.566361 -0.410197 -0.471183 
-0.113459 -0.393712 0.359694 -0.218208 0.547642 0.405194 -0.438782 1.00351 -0.619611 -0.915403 
0.779985 0.324281 0.879107 0.722417 0.875581 -0.949911 -0.0499224 0.0457633 0.95351 -0.534034 
0.585418 0.17005 0.372316 -0.000861494 -0.277312 -0.705657 0.839106 -0.0906641 0.0490947 -0.0486209 
-0.846157 -1.00428 -0.754843 -0.0819453 -0.123194 0.140646 -0.246075 0.792779 0.0776094 0.893574 
-0.7235 0.248114 0.977413 0.29835 -0.678456 -0.09779 0.58751 -0.635581 -0.34851 -0.275065 
0.732928 -0.562015 -0.726015 0.225984 -0.537002 -0.865999 -0.0286641 -0.652662 -0.546993 0.502434 
-0.693009 0.517993 -0.667005 0.436991 -0.30503 0.178995 -0.339 0.14457 0.658999 -0.0391607 
0.90669 -0.423981 0.471316 -0.355693 0.590383 -0.02805 -0.372309 -0.795275 -0.189078 0.529403 
0.829482 0.228773 0.714722 0.527998 -0.045055 -0.842538 0.748084 -0.341429 0.295274 0.698961 
0.104114 -0.474689 -0.596148 -0.016099 0.442487 -0.432284 0.678424 -0.348031 -0.463554 -0.375214 
-0.924715 -0.126773 -0.650067 -0.0565873 -0.00344675 -0.397119 -0.193216 0.722272 0.603015 0.768526 
-0.284382 0.131602 -0.87115 0.559852 -0.869098 0.285139 0.760544 0.951784 0.710347 -0.178719 
0.355094 -0.271725 0.082135 -1.04368 -0.332291 -0.527959 0.165736 -0.702834 -0.877179 -0.0134366 
-0.664679 0.195742 0.528744 0.650342 -0.380527 -0.903678 0.0728163 0.774265 -0.573447 0.721579 
0.269488 -0.692229 -0.915264 -0.091489 -0.223328 -0.909965 0.204299 -0.1892 0.566226 0.176766 
-0.360414 -1.1648 -0.873245 -0.389565 0.549743 0.576558 -0.35922 -0.0421729 -0.518342 0.411694 
0.017538 0.184864 -0.427052 -0.240229 0.217408 0.0596763 -0.316583 -0.684013 -0.0305861 0.597653 
0.813502 -0.0656524 0.771502 -0.788944 -0.783612 -0.947592 -0.627102 -0.137153 0.303249 -0.238577 
-0.0955277 -0.731414 -0.718913 -0.426558 -0.927272 0.0545562 0.704449 0.453983 -0.871936 0.0484509 
0.441258 0.247791 0.108953 0.980725 -0.663094 0.353374 0.33065 -0.220234 0.151928 0.297693 
-0.999167 -0.288731 0.404391 0.458183 -0.302542 -0.318835 0.302766 0.654251 -0.893924 0.213906 
-0.937965 -0.221338 0.220901 0.460733 0.251734 -0.285893 -0.778455 0.193537 0.401475 0.288458 
-1.07036 0.343475 -0.286782 0.57083 -0.941361 -0.382872 -0.0743345 0.555007 -0.405528 0.661785 
-0.44879 -1.02677 -0.606103 0.731136 -0.87194 -1.00339 -0.214923 0.486752 -0.329387 0.255146 
0.196035 0.498551 0.643112 -0.144765 -0.303821 0.0066365 -0.765878 0.856157 0.452778 0.0313852 
0.528314 -0.869043 0.738469 1.12468 -0.596524 -0.238358 -0.789515 0.15789 0.778459 0.604357 
-0.318616 -0.846525 -0.752758 -0.861208 0.112302 -0.535753 0.105767 -0.501223 -0.112154 0.408027 
0.487274 -0.995211 -0.0648263 0.157912 0.505781 -0.907224 -0.566183 -0.308207 0.50003 -0.140412 
-0.722799 0.0635151 -0.00433129 -0.0229054 0.18601 0.906907 0.673899 -0.266083 -0.526176 -0.966806 
-0.53039 -0.785513 -0.642528 -0.197839 -0.562322 -0.296194 -0.0218483 0.211904 0.519297 -0.975824 
0.43208 0.778107 -0.983595 -0.30042 0.0989372 -0.207809 0.834838 -0.843715 0.0100311 0.303598 
0.0351048 0.750882 -0.418106 -0.602841 0.134656 -0.641452 -0.961563 0.265833 -0.664491 0.771583 
0.871952 -0.595483 -0.704959 0.685767 -0.597132 -0.747765 0.707336 0.032185 0.283831 -0.572843 
-0.323084 0.960127 -0.899022 -0.0510148 -0.636007 -0.615006 0.625839 0.156283 -0.263 -0.159462 
-0.0620071 0.592993 0.0959995 0.0329915 -0.507 0.767995 0.872999 0.935186 0.109 -0.904086 
-0.619089 0.560961 0.738782 0.582949 0.923876 -0.501131 -0.269158 0.854508 0.441773 -0.398644 
-0.154505 -0.713173 -0.961271 -0.234708 0.224039 0.587661 -0.533373 -0.893253 0.398197 0.138582 
0.58573 -0.0621396 0.459782 -0.0797605 -0.634243 0.754957 0.673211 0.0623678 -0.774129 0.271132 
0.311021 0.467122 0.170809 -0.807639 0.679871 0.971004 0.564464 -0.00109121 -0.822723 -0.760571 
-0.546291 0.500076 -0.667946 -0.848512 -0.465709 0.613871 0.0464197 -0.865789 0.755933 0.756358 
0.313284 -0.215227 -0.126151 0.112591 -0.341231 0.674088 0.27331 1.02232 -0.466238 0.0641605 
-0.107298 0.176399 0.203303 -0.520507 -0.68895 -0.637219 0.508949 -0.413775 0.222011 0.268903 
-0.648725 0.16868 0.00545757 -1.24532 -0.101015 0.517206 -0.818097 -0.670527 -0.334982 0.494434 
0.121147 -0.689824 0.264205 -0.160872 0.803819 0.0243254 -0.487968 -0.781647 -1.07414 0.466416 
-0.0307227 -0.746212 -0.173869 0.26325 0.248371 -0.397862 0.745856 0.635773 0.0464129 0.721719 
0.483368 -0.127177 0.380929 -0.816632 -0.697272 0.261517 -0.0853362 -0.877987 -0.651262 -0.933309 
0.187444 -0.461569 -1.12748 0.333125 -0.337786 -0.814029 0.649995 -0.349853 -0.691418 -0.302431 
0.0346276 1.0586 0.580734 -0.279075 -0.604586 -0.909122 -0.225255 -1.1538 0.643253 -0.356067 
-0.244481 0.724409 0.268404 -0.393706 -0.949854 -0.98908 0.034971 -0.657292 0.561698 0.728493 
0.151998 0.523876 -0.60187 0.84999 -0.0571706 0.35232 -1.01021 -1.2071 -0.889384 -0.78535 
0.191088 0.722717 -1.05317 0.546158 -0.352092 0.646823 -0.320174 0.150572 0.443281 0.223118 
-0.558086 0.450757 0.0445583 0.625382 0.486538 0.401727 0.227119 0.545538 0.120207 0.226894 
-1.06399 -0.702579 -0.904738 -0.343805 0.200343 0.678563 0.206423 0.892915 0.615807 0.223493 
0.496665 0.302751 -0.344647 -0.902747 0.913984 0.739143 0.268998 -0.570808 -0.498362 0.990254 
0.364373 -0.536999 -0.912363 -0.875584 -0.946282 -0.20692 0.499548 0.638816 0.267935 0.398758 
0.618325 0.788906 -0.483973 -0.32392 -0.462079 -0.426204 -0.203324 0.842108 -0.261601 0.742989 
0.886221 -0.975877 -0.93773 -0.580801 0.878634 -0.220152 0.924394 0.159087 0.124368 -0.243487 
-0.0107521 0.338875 0.435422 0.0612836 -0.186786 -0.585745 0.750253 0.158153 -0.060764 -0.487298 
-0.704176 -0.060555 0.388646 0.573548 -0.97271 0.124363 -0.955097 0.492599 -0.610866 -0.52023 
0.632259 -0.946807 0.517568 -0.810429 -0.470531 -0.382245 0.135318 -0.945256 -0.010655 -0.720579 
0.740223 -0.561033 0.301107 0.492897 0.927187 -0.731018 -0.617542 0.0324108 -0.569138 0.591274 
0.134547 0.0260823 0.841964 0.0799806 -0.38401 -0.0390075 -0.283602 0.906989 0.919984 0.244654 
-0.834 -0.878998 0.781999 -0.218001 0.00599864 -0.509 0.869999 -0.385 -0.805 0.142911 
0.762978 -0.229017 0.591966 -0.0666936 0.219012 0.411771 0.880576 0.469293 -0.279368 -0.0501755 
0.319288 0.827855 -0.770385 -0.572721 0.425975 0.698729 -0.847091 -0.836557 0.792648 0.0316599 
0.242037 -0.61673 -0.281964 -0.856079 -0.610747 -0.924521 -0.796404 0.220381 -0.345394 -0.810047 
0.697805 -0.754336 0.0532501 -0.436552 -0.910549 -0.374534 -0.230698 0.415858 -0.316232 0.195077 
0.538349 0.0976762 -0.724356 -0.0178863 -0.982075 -0.505987 -0.904901 -0.168627 -0.108496 0.0467049 
-0.52057 0.611325 0.870904 -1.00391 0.0724239 -0.296249 -0.180768 -0.581529 -0.266486 -0.398989 
0.586702 -0.236999 -0.0335538 -0.722523 -0.187967 0.686751 0.749 0.118643 0.777354 0.822371 
0.790612 0.714716 -0.524902 -0.675128 -0.429804 0.839793 0.364469 -0.606675 0.295905 0.492061 
0.854178 -0.0786837 -0.827284 0.0359238 -0.238711 0.748748 -0.0360193 -0.00403407 0.738985 0.197691 
-0.620734 -0.98979 -0.0246235 -0.649644 0.597316 -0.661227 0.629143 0.385467 -0.28983 0.929454 
0.218579 -1.16408 0.458663 -0.551048 0.256797 0.769512 0.824388 -1.30394 -0.12007 -0.659939 
-0.481726 -0.730497 -0.798586 -0.345461 -0.935935 -0.509133 -0.591925 -0.699268 0.616026 -0.690731 
0.522806 0.0979991 -0.813506 1.20973 -0.665038 0.645668 -0.00667278 -0.105929 -0.811188 -0.532242 
-1.34213 1.05044 -0.22823 0.445594 -0.358243 -0.922191 -0.491825 -0.00890134 0.336585 0.993373 
-1.48101 0.397852 0.68486 -0.947034 -0.906375 -0.702116 1.07917 -1.01879 -0.347215 -0.237105 
-0.401673 0.375801 -1.06406 0.542406 -0.883147 0.748048 -0.021841 0.383108 -0.0881356 -0.00483681 
-0.656197 -0.185034 0.100261 0.347554 -0.731529 -0.765319 -0.439193 0.701302 -0.718276 0.540855 
-0.704977 -0.14863 -0.465013 -0.842942 -0.219689 -0.434414 0.447652 -0.574338 0.765598 -0.77386 
0.551543 -0.883184 0.81631 0.864927 -0.902938 -0.802781 -0.393526 -0.374292 0.386117 -0.268072 
-0.626977 -0.117469 0.742252 0.421804 -0.160616 -1.04079 0.702149 -0.560888 0.182182 -0.079278 
-0.171499 -0.733058 -0.553585 -0.891486 0.532377 -0.0642392 0.88394 0.529901 -0.0301942 -0.977654 
0.982413 -0.29064 0.304736 -0.142345 -0.935567 0.265528 0.295218 -0.785708 0.113 -1.02677 
0.77932 0.768927 -0.551362 -0.615877 -0.252168 -0.63477 -0.0997037 -0.842186 -0.748351 0.60952 
0.739709 0.501584 -0.188873 -0.368494 -0.373266 -0.68066 0.845371 -0.312577 -0.705619 -0.744725 
0.94826 -0.512899 0.166067 0.956612 -0.875858 0.533497 0.755182 -0.152389 0.996164 0.719683 
0.508559 -0.93301 -0.733132 -0.16071 0.37915 -0.0450389 -0.982417 0.659299 -0.568667 -0.773603 
-0.840572 -0.861002 -0.333845 -0.763107 -0.952017 -0.152002 -0.597145 0.0478878 0.564928 -0.779086 
-0.867 0.174997 -0.759001 -0.486372 -0.853 0.362 0.953996 0.676 0.454 0.657994 
0.720905 -0.216005 -0.312011 -0.534553 -0.88304 -0.144108 -0.82001 -0.569994 -0.463189 0.628175 
-0.612279 0.843043 0.00323622 -0.900593 0.386005 -0.0802379 0.986944 0.14129 0.05133 0.576873 
0.508012 -0.633074 0.470338 0.191728 -0.0394091 -0.823046 -0.0241366 0.99038 -0.180697 -0.614139 
0.04779 -0.410766 -0.103331 0.636727 -0.475693 -0.508708 0.425778 -0.978514 0.912722 -0.0607395 
-0.18954 -0.00296261 -0.953717 0.600555 -0.264714 -0.75414 0.034092 -0.0592526 0.64173 -0.153537 
0.840565 -0.246378 0.4508 -0.947162 0.731908 0.362731 -0.374358 -1.03928 -0.162561 0.172231 
-0.0732901 0.474601 -0.513491 0.132033 -0.531966 0.0464635 0.666975 0.826345 -0.529417 -0.555409 
0.289196 0.107028 -0.976227 0.289334 -0.81016 -0.796701 0.187655 -0.135346 0.343463 0.287862 
-0.172742 -0.0488761 -0.174141 0.464351 -0.0893005 0.125857 0.374932 -0.198654 0.103568 -0.193337 
-0.763678 0.0223633 -1.07963 -0.650982 -0.232244 0.68082 0.531883 -0.745389 0.526328 0.9321 
0.727243 -0.04157 0.669339 0.903851 -0.0320431 0.423946 -0.302737 -0.684529 0.0438458 -0.338202 
-0.778333 -0.269667 0.757051 -0.687049 -1.10218 -0.18486 -0.0631549 -0.494731 0.370495 -0.180254 
-0.858397 -0.280872 -1.03714 0.829937 0.563895 0.077547 0.312886 -1.12526 0.664017 -0.306013 
-1.39153 0.415623 -0.0764612 -0.365514 -0.506908 0.129591 -0.645019 -0.480109 -0.574562 -0.238893 
0.274738 -0.0790726 0.311314 -0.19558 0.32027 0.0186107 -0.579021 -0.695612 -0.904595 1.09833 
-0.650282 -0.979066 -0.0551663 0.0598661 0.243663 0.152289 0.385076 -0.256196 -0.381222 -0.277939 
0.371111 -0.782942 -0.593673 0.0431301 -0.607772 -0.981 -0.264343 -0.160877 -0.997222 -0.0109317 
-0.996327 -0.179956 -0.151714 -0.052284 -0.784769 -1.01732 -0.647801 1.21665 -1.08581 -0.18517 
-0.784749 0.00814596 0.0834402 0.175621 -0.21141 0.44279 1.03055 -0.0176474 -0.849712 0.819853 
-0.0203 -0.0260937 0.928381 -0.659148 0.114698 0.881309 -0.578548 0.691647 -0.909776 -0.896666 
-0.300235 0.433364 -0.834491 -0.138474 -0.870766 -0.855015 -0.187102 -0.259932 0.219055 -0.0404474 
-0.384481 0.440527 0.730438 -0.973727 -0.33192 -0.632067 -0.46735 -0.137822 0.0254689 -0.935082 
0.334178 -0.920879 -0.868408 0.681843 0.965944 0.837658 0.122242 -0.220977 -0.129419 0.229256 
-0.348248 0.284231 -0.508613 0.595016 0.831711 -0.393243 -0.558969 0.928794 0.491784 0.434914 
-0.546288 -0.172814 0.0284437 0.349587 -0.0489439 -0.504871 0.646459 0.182359 0.596357 0.543006 
0.026015 -0.897962 0.945572 -0.525881 -0.777883 0.0809569 -0.812407 0.622251 0.631411 -0.65784 
-0.398261 0.368999 0.282016 0.988923 -0.563 0.599 -0.965325 0.178999 0.653993 -0.348 
0.399 -0.650001 -0.868001 -0.0551225 0.293 0.871 -0.351001 -0.409984 0.204 -0.823002 
0.705 0.318994 -0.250006 -0.471952 -0.771958 0.721995 0.667997 -0.215 0.773983 0.183998 
-0.349251 -0.115417 0.0362694 -0.0831903 0.190471 0.680802 0.0739861 0.760797 0.849409 -0.456289 
0.240646 -0.575938 -0.768162 0.422079 0.164708 0.815304 0.537027 0.345135 0.258394 -0.552549 
0.806802 0.446364 0.5905 0.362431 0.948962 0.490838 -0.798385 -0.606027 0.23558 0.919182 
0.727588 0.536297 0.408585 -0.322354 -0.369049 -0.920338 0.193849 -0.465386 -0.0328874 0.182144 
0.26768 -0.749747 -0.497113 -0.348729 0.689142 0.419724 0.254369 -0.240042 0.0252814 0.585385 
0.184805 -0.361868 0.273719 -0.0659652 0.663534 0.829828 -0.628966 -0.904344 0.115074 0.674247 
-0.109096 -0.346667 -0.728004 0.0339736 -0.160911 -0.487419 0.154644 0.048295 0.0315824 0.704239 
0.500423 -0.591503 -0.316411 -1.04806 -0.69688 0.596987 -0.69732 -1.14023 0.397945 0.472884 
0.380464 -0.28066 0.0337738 0.71504 -0.310453 -0.104714 -0.726011 -1.17202 -0.828628 -0.484426 
-0.292585 -0.485575 -0.949207 -1.00764 0.449766 -0.585707 0.949634 -0.162525 -0.685537 0.0652774 
0.135051 0.495329 0.627862 0.294879 0.895355 0.332753 0.303212 -0.664888 0.261732 -0.0165735 
0.19956 -0.100338 -0.175324 0.128764 0.645584 0.0529024 0.103319 -0.095303 -1.05359 0.601869 
-0.0432533 0.23281 -0.17489 0.309016 -0.580146 -0.0857563 0.116089 -0.889704 -0.867417 -0.819642 
-0.869751 0.211084 -0.319222 -0.592629 0.393497 -0.0310773 -0.469156 0.137741 -1.06086 -0.94349 
-1.07787 -0.470085 0.36364 0.578052 0.805841 0.442755 0.717478 -0.455394 0.0345988 0.785354 
-0.801037 -0.183177 0.132736 0.68077 0.333426 0.041259 0.525756 -0.406128 0.0523393 -0.104046 
-0.865415 -1.11382 0.720254 -0.390379 0.680119 0.763721 0.0833596 -0.479348 0.401316 0.807175 
0.0659055 0.362602 0.0559747 -0.0721889 0.132328 -0.133552 -0.304877 0.745964 -0.588126 -1.09998 
-0.274932 0.317757 -0.649808 1.12791 -0.478623 -0.0904785 -0.588281 0.905162 -0.506718 -0.427029 
0.936786 -0.205731 -0.63233 -0.878721 -0.386085 0.726556 1.05785 0.364285 -1.02509 -0.10967 
-0.466656 -0.485169 0.993788 -0.46958 -0.983636 0.67666 0.831209 -0.89696 0.261076 -0.634769 
-0.86344 0.241658 -0.169817 0.321056 0.5324 -0.494818 0.103967 0.698503 -0.152971 0.156275 
0.572335 -0.122776 -0.629346 0.463048 0.592552 0.772396 -0.7432 -0.0257672 -0.319054 0.339728 
0.579946 -0.80656 -0.337311 0.114531 -0.903074 -0.242254 -0.158836 -0.55726 -0.911455 0.47869 
-0.365665 0.619683 0.486256 -0.853886 0.962517 0.485938 0.256278 -0.057043 0.465528 0.472728 
0.444726 0.78783 0.349017 0.826999 -0.0460054 0.503995 0.278772 -0.754008 0.756994 0.284994 
-0.886001 -0.650001 -0.168005 0.672996 -0.057 -0.688 0.232 -0.116911 0.239 0.768 
-0.411001 0.683041 -0.791006 0.987037 -0.205003 0.245 0.911967 -0.361003 -0.0650076 -0.752002 
0.478907 0.207816 0.229831 0.961967 0.601105 0.939917 -0.957049 0.717736 0.411712 -0.623238 
-0.399428 0.465551 0.982677 0.902135 0.68578 -0.28187 -0.750749 -0.306879 -0.564736 -0.402949 
-0.762485 0.901674 -0.349898 0.0458664 0.0325659 0.68712 0.274421 0.849494 0.349304 0.567072 
0.178696 0.911313 0.510982 -0.258413 -0.426512 0.514745 -0.86629 0.596063 0.477069 -0.264335 
0.722772 -0.40238 -0.851982 0.592765 0.959067 -0.20979 0.0796459 0.213101 -0.892348 -0.964124 
1.02635 -0.0781678 -0.301761 -1.06531 -0.210556 0.618581 -0.115766 -0.60204 0.0410156 -0.387255 
0.117996 0.653418 0.737966 0.00235941 -0.649087 0.503682 0.432661 -0.160391 -0.956075 0.183721 
-0.22998 -1.09252 0.430196 -0.327693 0.249051 0.38075 0.761675 -0.337078 -1.04225 -0.14798 
0.482094 -0.951194 0.484329 0.184759 0.454711 -0.348126 0.515366 -0.0511531 0.393196 -0.210968 
-0.878313 -0.635017 0.348094 -0.207503 -0.753087 -1.0612 -0.750878 -0.933586 0.061024 0.743681 
-0.661924 -0.274348 -0.556404 0.0326265 -0.534422 0.0323071 0.122929 -0.59668 0.427539 -0.0107337 
-1.65586 0.225486 -0.334039 -0.379202 -0.49686 -0.744635 0.367891 0.361085 -0.313925 0.261517 
-1.64027 0.504054 0.69471 -1.19917 0.0518487 -0.871681 0.387042 0.194437 0.0222825 0.0164421 
-1.27265 -0.617023 0.00580259 0.722234 0.715472 -0.337803 -0.767697 -0.20018 -0.0765372 0.641833 
-1.01716 -0.0847987 -0.113896 -0.395789 -0.43198 -0.366997 0.193878 0.626334 -0.245007 -0.535729 
0.284702 0.468543 -0.951918 0.439085 0.530689 -0.160109 -0.653828 -0.327925 0.466035 0.804928 
-0.189429 0.141862 0.872674 0.7719 -0.294511 -0.776106 0.0214937 -0.6197 -0.225661 -0.615532 
-0.155882 -0.483465 -0.603463 -0.235721 0.893007 -0.274349 -0.426139 -0.344264 0.710873 -0.672564 
0.601302 -0.523474 0.347326 -0.170912 -0.516387 -0.185876 0.696377 -0.352127 -0.0746286 -0.667473 
-0.707542 0.0301193 -0.0610047 0.357631 -0.503297 0.263556 -0.35382 -0.286571 -0.690934 -0.53585 
-0.628333 -1.03773 -0.723887 0.378219 0.716336 -0.610607 -0.694517 0.0737055 -0.192082 -0.463912 
-0.501084 -0.895402 -0.419762 0.551635 -0.299504 0.257333 0.69178 -0.494186 0.348757 -0.82578 
0.81833 -0.651196 0.293321 0.163068 -0.554916 -0.930854 -0.895198 -0.705247 -0.0124168 0.354982 
0.72753 0.548582 -0.490601 -0.713373 0.727236 -0.926443 -0.224722 0.438532 -0.806929 -0.52819 
-0.343833 -0.327061 0.0496108 0.357433 -0.72091 -0.513163 0.73676 0.712587 -0.987691 -0.549188 
-0.830569 -0.0221902 -0.233997 -0.296001 0.415992 -0.351013 -0.626764 -0.163016 -0.463011 0.458986 
-0.568 -0.045 -0.895 -0.474 0.937 0.366 0.914 0.155 0.29 -0.554 
-0.818005 0.635091 -0.907009 0.936148 0.845999 0.237992 0.455978 -0.596963 0.713973 0.599 
-0.960357 -0.075241 -0.926102 -0.666887 -0.656026 0.862857 0.748746 0.275695 -0.403512 -0.666349 
-0.382848 -0.582214 -0.957132 0.28642 0.584345 -0.242088 0.257815 0.165321 0.134215 -0.310263 
0.437852 -0.560483 -0.732551 -0.239512 0.654185 -0.979221 -0.236886 0.0590043 -0.729567 0.0244658 
0.664156 -0.53701 -0.247227 0.0777609 -0.407739 -0.636926 -1.01518 0.094188 -0.479159 0.866424 
0.586205 0.294414 -0.995776 -0.40717 -0.124659 -0.891574 0.610727 -0.117355 0.69061 -0.598589 
-0.666072 -0.660994 -0.884364 -0.841834 0.407199 -0.597459 0.402208 0.0318758 0.755835 -0.509477 
0.405334 -0.214377 -0.63771 -0.13262 0.737745 -0.462303 -0.753747 -0.838415 0.100738 0.63983 
0.958766 -0.319156 -0.78925 -0.845528 0.692311 -0.913782 0.774724 -0.013157 0.685909 -0.260846 
0.110454 0.652468 -0.0399896 -0.54633 0.284121 0.591171 -0.00825628 0.563203 0.682136 -0.295385 
0.104109 -0.00452998 0.433306 -1.19476 0.0715835 -0.106915 0.608223 -0.616812 0.276907 -0.165689 
0.0736776 0.584486 -0.437388 -1.20225 0.684277 0.537371 -0.235413 -0.192006 -0.743471 -0.350878 
-0.020324 0.712362 0.177512 -1.37504 -1.02426 -0.641037 -0.0276711 -0.880629 0.106639 -0.0514731 
0.147296 0.669028 -0.654537 0.0195565 0.223711 -0.661085 0.341851 -0.114662 -0.0921286 -0.620986 
-0.731723 -0.294199 0.332032 -1.13968 -0.382152 -0.330238 -1.14541 0.0163081 -0.0810604 -0.638872 
0.426103 0.128728 -0.00289123 -0.740342 -0.252022 -0.178531 0.14525 -0.287643 0.813175 -0.691561 
-0.143918 -1.16298 0.0766108 0.651346 0.228048 0.195858 0.39939 1.07704 -1.11671 0.425134 
-0.633596 -0.960788 0.690425 -0.532278 -0.0177892 -0.0948647 -0.225589 0.227102 -0.217824 -0.685492 
0.314222 -0.43885 -0.232807 0.0839227 -0.865842 0.465823 -0.461807 0.929386 0.521157 -0.0722808 
0.724433 -0.453958 0.445257 0.256969 -0.431086 0.350252 0.734673 -0.671297 0.0952105 -0.590966 
-0.810832 0.862526 -0.560271 0.258371 -0.662001 -0.292094 -0.416722 0.612705 -0.705931 -0.897683 
0.89538 0.197588 -0.993882 0.700271 -0.315419 0.317687 0.851728 -0.503555 -0.592073 0.416277 
0.825459 0.252386 -0.877055 -0.444409 -0.533219 -0.318888 -0.711072 -0.456959 -0.51922 0.444111 
-0.802663 0.719484 0.554435 -0.206196 0.507514 0.222054 0.388836 -0.409415 0.721999 -0.190871 
0.8694 -0.267857 0.96862 -0.909666 -0.737392 0.87869 0.775099 -0.293184 -0.494346 -0.528015 
0.852862 -0.818184 -0.87831 -0.894253 -0.414151 0.986658 0.34508 -0.510337 -0.0283114 -0.482919 
-0.927654 -0.647067 0.281149 -0.338 0.995987 -0.787014 0.449087 0.114999 -0.196107 0.784512 
-0.667 0.563987 -0.496009 -0.163004 0.453 0.783997 -0.667002 -0.0278834 -0.0790002 0.544008 
0.369998 0.257012 -0.912006 -0.870738 -0.703 0.33999 0.922999 0.901024 0.342979 0.875997 
0.728268 0.499605 0.647654 0.628323 -0.747265 -0.689373 0.692328 -0.667747 0.450031 0.812294 
0.55629 -0.791814 0.21224 -0.0828445 0.834019 -0.752361 -0.100793 -0.866088 0.201865 0.443903 
0.133219 0.526028 0.536645 -0.332365 0.338795 0.101363 -0.22821 -0.0378418 -0.263018 0.294187 
-0.379426 0.241921 0.436583 0.876134 -0.43891 -0.363088 -0.667031 0.329135 0.763903 -0.343309 
-0.384683 -0.150776 0.543025 0.928401 -0.0250526 -0.042421 0.294782 0.0141406 -0.339941 -0.0332894 
0.656217 0.010711 0.527188 -1.00129 0.192044 -0.359681 -0.306794 -0.902621 0.559796 0.294365 
1.10115 -0.854388 -0.378241 0.47072 0.593244 -0.062058 0.742606 -0.78807 -1.01959 -0.991914 
-0.294642 0.562555 0.161314 -0.011413 0.333846 -0.0967925 -0.699574 -0.366571 0.104591 -0.379462 
-0.0835388 -0.492397 -0.945915 -1.45006 -0.808813 -0.665931 1.19738 -0.0815936 -0.259837 -0.136222 
0.0769253 0.360318 -0.238828 -0.998772 0.749284 -0.244163 0.396051 -0.538395 0.385612 0.733565 
-0.066278 0.517787 -0.539895 -1.28848 0.0639081 -0.625328 -0.207838 -0.198721 -0.367001 -0.284597 
-1.26618 -0.103625 -0.0218822 0.0665862 -0.912125 -1.01679 0.350559 -0.228935 -0.291164 -0.199301 
-0.801569 0.679243 -0.539058 -1.22939 -0.71572 0.172529 -1.12169 -0.179059 -0.685102 -1.05972 
-1.12128 0.572641 0.0622868 -1.2353 -0.905155 -0.0192272 0.20779 -0.261223 0.291847 0.817641 
0.0495034 -0.781125 -0.43607 -0.929084 0.056433 0.717223 0.0023745 -0.0745486 -1.03046 -0.452076 
-1.17528 0.209414 -0.294077 0.20319 -0.584958 -0.0138578 0.0743637 -0.163053 -0.816225 0.0570426 
-0.097043 -0.564116 -0.34405 0.538967 0.402177 -0.432242 0.244887 -0.133396 0.704961 -0.23341 
-0.358476 -0.040985 -0.57627 -0.304832 -0.615503 -0.341369 0.0658433 -0.893055 -0.34504 0.532801 
-0.400648 0.0406532 -0.470247 -0.392015 -0.714717 0.583217 0.25089 -0.120676 -0.431902 0.545446 
0.369325 0.0933081 -0.159981 -0.881084 0.138912 0.212003 0.456047 0.386099 -0.21215 -0.780612 
-0.634999 -1.05899 -0.925531 0.289886 -0.145462 -0.81547 -0.685749 -0.0836591 -0.677964 -0.426055 
-0.969087 0.634273 0.166095 0.568636 -0.910739 0.320038 -0.671914 -0.514731 0.779485 0.428 
-0.28745 0.40479 0.813676 -0.831985 -0.78317 -0.846818 0.825608 0.642447 0.829017 0.852267 
-0.192376 -0.431886 -0.101977 0.197888 -0.630988 0.979946 -0.405929 0.183233 0.580838 0.884677 
0.413666 0.618465 0.719197 0.664704 -0.782315 0.990595 -0.0550072 0.56532 0.102506 0.276641 
-0.503907 -0.132162 0.345059 -0.897004 0.429952 -0.980115 -0.976785 0.534 0.820815 0.831669 
-0.765 -0.712987 -0.607 -0.173001 0.348 -0.376 -0.308 0.918 -0.2 0.244 
-0.568997 0.0860605 0.694965 0.50852 0.752996 0.596989 0.191997 0.121218 -0.181068 -0.0936318 
0.067642 0.0215022 -0.439514 1.01842 -0.948883 0.252365 0.522149 -0.0347649 -0.0457766 -0.0214552 
0.0149679 -0.542988 0.525612 -0.574157 0.804913 0.231035 0.940472 -0.394565 0.671911 0.872174 
-0.906428 0.243048 0.297561 0.37198 0.738782 -0.550379 -0.206888 0.0917496 0.629629 -0.323177 
0.630237 -0.0288672 -0.385247 -0.329824 -0.119459 -0.858352 -0.954346 -0.346809 -0.220632 0.551763 
-0.595851 -0.111446 -1.02087 -0.396312 0.312565 -0.90374 -1.07943 -0.799507 0.592608 -0.282169 
0.329323 -0.416699 0.215945 -0.0206052 -0.73664 0.924184 -0.101621 -0.961042 -0.660564 0.291357 
-0.448086 0.169723 0.351461 -0.748662 -1.01973 -0.385647 -0.0956649 0.153511 -0.496464 -0.437652 
-0.456324 -0.641236 -0.545963 0.218222 0.0999756 -0.177479 0.613459 0.712189 0.154425 0.0467262 
-0.293035 -0.846049 -1.02437 -0.526949 0.0800354 -0.0129757 -0.50866 -1.04053 0.208212 -0.234174 
-0.550476 -0.33989 0.423942 -0.472933 -0.372666 -0.236423 0.891816 0.886088 0.670259 -0.775499 
0.411551 0.508735 0.551227 -0.497143 -0.719965 0.649592 0.479761 -0.211439 0.501967 0.356871 
-0.306171 0.48199 -0.872344 -0.894637 -0.320158 -0.859019 0.241541 0.176195 -1.0939 -0.614797 
-0.692799 0.739499 0.0137567 -0.768864 -0.012126 0.6324 0.9779 0.058565 -0.943454 0.673068 
0.553243 -0.469571 0.623283 -0.192557 -1.03165 -0.747246 0.240163 -0.5461 -1.01865 -0.282942 
0.132601 0.52207 -0.569785 -0.861851 0.952373 -0.390301 -0.379735 0.275278 0.708265 0.247949 
0.499362 0.00510412 -0.559186 -0.529849 -0.523371 -0.0797132 0.615713 -0.681824 0.776591 -0.635531 
-0.671255 -0.973495 -0.615372 -0.441329 0.136367 -0.763199 0.534744 -1.0689 0.341464 -0.0787374 
-0.491656 0.338826 0.337252 0.291862 -0.179307 0.81746 0.705617 -0.000222907 -0.32011 -0.340732 
-0.611031 -0.935962 -0.499878 1.05682 -0.246777 0.109279 0.295213 0.543668 -0.574042 0.377417 
-0.00907828 -0.388766 -0.259565 0.325635 0.7209 -0.51005 -0.346852 -1.10754 0.0977616 -1.06337 
0.445044 -0.517083 -0.0877626 -0.252466 0.162228 0.209922 0.481519 0.866598 -0.0906255 0.523521 
-0.91811 0.337809 -0.800341 0.094552 0.0502329 0.421963 0.0809679 0.496364 -0.888479 0.298936 
-0.21417 -0.442796 0.690989 0.333887 -0.133951 0.561263 -0.846476 -0.0383983 0.832329 0.470473 
0.845695 0.29836 0.876532 -0.870547 -0.811658 0.940256 -0.260681 0.458289 -0.656451 -0.507031 
-0.922548 -0.522673 0.981466 0.203038 0.718331 -0.862405 -0.589544 0.697616 -0.230207 -0.987966 
-0.490583 -0.644534 -0.768002 0.764995 -0.382019 0.71991 -0.764 -0.736 -0.291016 -0.29724 
-0.456 -0.95 -0.459 -0.699 -0.656 0.427 -0.859 -0.09 0.696 -0.176 
0.683017 0.0979863 -0.360052 0.132259 0.569992 0.753992 0.534997 -0.096973 0.444884 0.608333 
0.410873 -0.969398 -0.0828089 0.661215 0.317268 -0.566814 -0.587728 -0.910168 -0.541034 -0.86857 
-0.405113 0.50755 -0.351276 0.469832 0.794027 0.800627 -0.674816 -0.283852 0.233908 -0.0322162 
0.718204 -0.646007 0.0145417 0.472299 -0.208666 -0.436282 0.631216 -0.821681 -0.980896 -0.373108 
0.200981 -0.784748 0.385058 -0.0377351 -0.0775577 0.337888 -0.338495 0.0842184 -1.02437 0.777141 
0.287918 -0.672674 -0.616285 0.961578 -0.507967 0.835312 -0.197742 0.551096 0.299767 0.826104 
-0.527228 -0.880811 -0.438212 -0.0788223 0.00559589 0.26921 -0.538171 -0.462154 -0.177697 -0.835947 
-0.535104 -0.28388 -0.544069 0.0179189 -0.187172 -1.01776 -0.555656 -0.112969 -0.192899 -0.582575 
0.813103 0.607148 0.56438 0.558819 -0.461075 0.168707 0.639657 -0.102988 -1.02775 -0.343039 
-0.0662504 0.0779552 0.789666 -0.837748 0.292021 0.24401 -0.179284 -0.176569 -0.528227 -0.522764 
0.502144 -0.597047 -0.78116 -0.536086 -0.758002 -0.667202 1.30201 -0.182125 0.154462 -0.125634 
-0.0621701 0.221648 -1.0625 0.472096 -0.604128 0.13168 -0.165962 -0.242806 -0.288211 -0.772332 
-0.478361 0.502089 -0.054942 -0.252927 0.558945 -0.898383 1.03707 -0.0421947 0.696809 -0.36053 
0.123433 -0.802823 -0.687687 0.418117 0.307394 0.354965 -0.0960745 -0.00650959 -0.285664 -0.0208628 
-0.7898 -0.700925 -0.221992 0.388431 0.176268 0.213354 0.146349 -0.823946 0.0458836 0.208614 
0.499603 0.425703 0.17734 0.463717 0.0843131 -0.561332 -0.0313766 0.370592 -0.3697 -0.782624 
-0.203308 -0.115564 -0.963491 -0.616252 0.718268 -0.705159 -0.424141 -0.773617 -0.308821 -1.07807 
-0.0299745 -0.16484 -0.262435 -0.310461 -0.357848 -0.92263 -0.43503 0.703437 -0.00788772 0.584734 
-0.748659 0.126338 -0.571272 -0.0764057 -0.388154 0.768237 -0.0114643 0.118211 -0.167002 -0.0964965 
-0.24098 -0.268286 0.592647 0.217669 -0.655446 0.0234679 -0.157252 -0.751261 0.420616 -0.654541 
0.0178423 0.73603 0.832052 0.163658 0.563232 0.567989 0.504247 -0.0540163 0.604408 0.0485671 
-0.803527 -0.862105 -0.880542 0.288967 -0.334146 0.972818 0.0974984 -0.0537055 0.344419 0.355013 
-0.961171 0.886978 -0.191294 -0.297021 0.609711 -0.681425 0.195763 0.042487 0.0791577 0.677833 
-0.949141 -0.588508 -0.606805 -0.474344 0.453171 -0.399907 -0.310169 0.415843 -0.609867 0.46268 
-0.742851 0.923983 0.727034 0.00385889 -0.112562 0.319756 0.531972 0.117821 -0.78308 0.358325 
-0.528721 0.669548 0.161124 -0.988586 0.823544 -0.271221 0.485762 -0.964245 -0.80507 0.8268 
-0.451002 0.300165 0.700998 -0.206013 -0.439 0.303 -0.00800047 0.959 -0.0520016 0.206 
-0.387001 -0.0309962 0.638999 0.454993 -0.439 -0.349 -0.59 -0.323 -0.424 -0.461001 
0.221989 0.501987 -0.776003 0.196948 -0.151017 -0.977008 0.911999 0.722998 0.713909 0.370601 
-0.194242 0.61811 -0.0178288 0.182229 0.29758 -0.851266 -0.85505 -0.503479 0.464419 0.442104 
0.419023 -0.615031 0.533549 -0.676674 0.675921 0.289417 0.447084 0.144279 0.93949 -0.421216 
0.550587 0.815135 0.680551 -0.516542 0.546908 0.417764 -0.926014 -0.620898 0.5364 -0.712412 
-1.02966 -0.122851 -0.77444 -0.609558 -0.150993 -0.0507922 -0.69079 -0.300056 0.213397 -0.899784 
0.693921 0.551433 0.288053 -0.0791192 -0.0918329 0.926502 0.763507 -1.02931 -0.229252 0.693415 
0.613625 0.776437 0.321666 0.395465 0.347897 0.319614 -1.1492 0.578954 0.714649 -0.562122 
-0.127013 0.738355 0.559355 -0.604834 -0.637448 -0.841166 0.620442 -0.299475 -0.187042 0.742374 
1.11134 0.822511 -0.426058 -0.750443 -0.437327 0.382727 -0.703973 0.318546 0.560997 -0.968846 
-0.285887 0.378965 -0.724055 0.309028 -0.665025 0.555992 -0.319887 -0.77974 0.0445451 -1.16988 
0.0383421 -0.179072 -0.281245 -0.331706 -0.941555 0.0105315 0.264919 0.592288 -0.089436 0.669524 
0.915871 -0.613822 0.0809899 -0.231575 -0.0620463 0.202381 -0.296243 0.0188979 0.505213 0.253598 
-0.234746 -0.88195 -1.13814 0.852758 -0.347503 0.0177586 0.430398 0.799593 -0.49165 0.463128 
0.0955288 0.487358 0.186274 0.449361 -0.534541 0.12407 -0.273637 -0.831384 -0.636898 -0.505199 
-0.857855 -0.238581 0.789149 0.216678 -0.379763 0.271652 0.789235 -0.0191256 -0.402148 0.243638 
-0.155013 0.572621 -0.285646 0.933448 -0.523799 0.862708 0.738555 0.63782 0.332911 -0.195345 
0.560363 -0.131716 0.721795 -0.742763 -0.818469 -0.530526 0.349873 -0.346785 -0.909778 -0.1448 
-0.308989 -0.21763 0.648907 0.593787 -0.83774 0.801779 0.53928 0.500864 0.588733 -0.0683034 
0.154452 -0.189263 0.895591 -0.678891 -0.115453 -0.983291 0.0502473 -1.02424 0.624175 0.50038 
-0.181765 -0.0841345 -0.108695 0.442054 0.754869 -0.881263 0.2107 -0.378123 0.516536 0.267543 
0.0430403 0.393495 0.0680858 -0.956457 -0.487489 -0.839195 0.591754 -0.87944 0.151804 0.732346 
0.776648 0.663721 -0.258573 -0.522884 0.729347 -0.446333 -0.166778 -0.986782 -0.152873 -0.575827 
0.614813 0.0342686 -0.241018 0.205196 0.390709 -0.658836 0.748133 -0.834329 -0.792961 0.904591 
0.218355 0.690226 -0.874324 -0.496798 0.167297 -0.58439 -0.355261 0.751127 -0.715892 -0.80489 
-0.269201 0.518623 -0.394908 0.482036 0.794461 0.567849 -0.611155 0.249317 0.411993 0.651435 
0.783777 -0.418596 -0.651992 -0.408587 -0.202198 0.361916 0.602231 0.664891 0.73451 -0.783543 
0.671051 -0.336001 -0.401 -0.392 0.847 -0.986001 -0.086 0.212 0.507 -0.378 
-0.673001 -0.507996 -0.680001 -0.0010071 0.898 0.271 -0.614 -0.808 -0.448 -0.783001 
-0.476 -0.0119999 -0.307001 0.0890573 0.688 -0.586 -0.704 -0.732 -0.654014 0.357985 
0.735519 0.743588 0.567949 -0.185313 -0.175134 0.646816 -0.779007 0.236353 -0.357929 0.906015 
0.652639 -0.456179 -0.453861 0.116568 -0.755234 -0.990732 -0.980724 0.426314 -0.530652 -0.310623 
-0.514489 -0.169314 -0.901762 -0.41196 0.751844 0.0448809 -0.329497 -0.144491 0.713564 0.00195123 
-0.135336 -0.685985 0.117549 -0.393787 0.75393 -0.276066 -1.03217 -0.104452 -0.317474 0.623076 
-0.474061 -0.109997 -0.869302 1.09882 -0.685356 -0.776706 0.861832 -0.1557 0.238963 -0.702908 
-0.136413 -0.164868 0.648384 0.361953 0.660189 -0.102986 -0.93306 -0.327071 -0.37818 -0.272555 
-0.554606 -0.819797 0.528875 0.536498 0.333292 0.202704 -0.575878 -0.234524 0.322317 0.448299 
-0.453917 0.0124847 -0.336428 0.785388 -0.625173 -0.52174 -0.390552 -0.4168 -0.348486 0.348116 
0.743688 -0.325704 -0.0795888 0.696451 -1.03474 0.797065 -0.0073849 -0.687581 0.673009 0.612821 
-0.336795 -0.692964 0.191663 0.15789 0.195292 0.613049 0.303169 0.948714 -0.808363 -0.783473 
-0.276325 0.239458 0.620386 -0.671103 0.61747 0.749583 -0.682211 -0.971952 -0.893913 -0.467326 
-0.29532 -1.07555 -0.564103 -0.0161806 -0.86496 -0.784306 -0.560003 0.0999324 -0.378925 -0.0311144 
-0.545407 0.0120715 -0.535343 -0.497061 0.517429 -0.443037 -0.0391288 0.602232 0.74084 -0.518068 
-0.235303 0.424521 -0.764487 -0.575109 -0.601421 -0.0478858 0.467185 0.795899 -0.57092 -0.773941 
0.515916 0.242821 -0.798761 0.857824 0.0244394 -0.857043 -1.30863 -0.986693 -0.439212 0.499813 
-0.594695 -0.0121117 0.467219 -0.859287 0.218393 -0.146584 -0.779582 -0.9582 0.623995 -0.0446553 
-0.824184 0.153493 -0.96299 -0.74326 0.195894 -0.382697 -0.966751 -0.0915918 -0.796277 -0.407682 
-0.469653 -1.05025 -0.34198 0.503142 0.632577 -0.120419 -1.0811 0.754306 0.102348 -1.11359 
0.13946 -0.952913 -0.299681 -0.547416 0.674114 0.708788 -0.0341557 0.553287 0.392324 0.672788 
0.368425 -0.586269 0.495122 -0.363394 0.342234 0.192569 -1.1105 0.42275 -0.117854 -0.770692 
0.143971 0.80439 -0.831301 -0.9566 -0.40984 -0.916686 -0.270415 0.194242 0.109798 -0.684169 
0.521572 -0.592425 0.26272 -0.48817 0.815078 0.62647 -0.384235 -0.910469 0.00783634 -0.488735 
-0.369995 -0.741535 0.834255 0.535683 0.724887 0.495159 0.00486506 -0.397871 -0.589629 -0.70395 
-0.264634 -0.900894 -0.984963 0.0593919 -0.883378 -0.684269 0.98881 -0.849964 -0.357165 0.537208 
-0.217592 0.45389 0.886998 -0.988019 0.911962 -0.0780187 0.836439 -0.826022 0.0909877 -0.192055 
0.718094 0.850998 -0.723 0.623 0.852 0.210999 -0.77 -0.411 -0.999 -0.985 
-0.513 -0.272 0.029 0.921 0.987 0.863 0.327 0.488 0.477 -0.286 
-0.154 -0.525 0.082 0.831 0.839 -0.381 -0.831 0.647 0.362 -0.594 
-0.440918 -0.248065 -0.0950906 -0.432426 -0.280055 -0.620049 0.440994 -0.450842 0.338893 0.737449 
0.113731 -0.0521207 0.00458861 -0.0271052 -0.0121432 -0.375878 0.481926 0.10011 -0.348737 0.378948 
0.403013 0.610961 -0.399193 0.147667 0.781697 -0.954405 -0.673527 0.427072 0.610935 -0.257535 
0.373373 -0.676087 0.69143 0.35826 -0.0647838 0.39409 -0.197638 -0.48767 0.90772 0.571606 
0.753218 -0.576609 -0.137468 0.21236 0.449214 0.94344 -0.856923 0.70464 -0.126742 0.669497 
0.54607 0.3735 0.548372 0.590122 0.863576 0.224758 0.889676 0.516131 0.68153 0.348998 
0.228408 0.139986 -0.997 0.0181192 0.21518 0.77733 0.600908 0.765988 0.458571 -0.609056 
-0.493651 -0.267552 -0.56337 -0.359885 -0.888366 0.760052 -1.14029 -0.764487 -0.568783 -0.439895 
0.606585 -0.255945 -0.846286 0.718902 -0.741531 -0.601489 -0.695221 -0.461515 -0.236587 -0.946315 
-0.59894 0.278303 0.418624 0.024074 -0.389702 -0.291537 0.526478 0.892603 -0.390937 -0.673143 
0.94882 0.269077 -0.703983 -0.119531 -0.417441 0.119188 -0.786108 -0.13357 0.736214 -0.403833 
-0.226492 0.221533 -0.288631 0.0738935 -0.0139532 -0.846462 0.388521 -0.869146 -0.112681 0.611309 
0.341172 -0.540173 -0.801363 -0.280805 -0.854878 -0.1098 -0.880139 -0.604234 -0.193513 -0.866343 
-0.766264 0.874457 -0.414893 0.757327 -0.621526 0.91817 0.0553921 -0.0703448 0.0894438 -0.409169 
-0.471377 -0.470802 0.585662 0.215892 -0.641362 0.178166 0.479988 0.105146 -0.676838 0.651286 
-0.616571 0.335078 0.412531 -0.0808297 0.405554 0.31299 0.12422 0.235057 -0.569726 -0.0474694 
0.185505 0.871344 -0.844502 -0.0242145 0.682405 -0.0393856 -0.631891 -0.302609 0.309167 0.464674 
-0.256218 -0.761043 0.0643502 0.330648 0.897495 0.0267754 -0.191131 0.241601 0.722013 0.794398 
-1.05036 -0.101012 -0.810049 -0.170722 0.0608489 0.416077 -0.266539 0.357069 -0.987555 -0.545952 
-0.833478 -0.370237 -0.850444 0.168523 0.235929 0.353102 -0.0893699 0.637794 -1.00935 -0.137534 
-0.737001 0.518703 -0.71484 0.825691 -0.0335465 -0.0490338 -0.563707 0.310102 -0.794564 -0.102536 
-0.116729 -0.283874 0.642245 0.589524 -0.565152 0.350966 -0.0452836 -0.0720776 -0.184207 -0.199184 
0.705409 -0.201083 -0.503008 0.790245 -0.261283 0.245936 0.354377 -0.859588 -0.897293 -0.145142 
-0.245106 0.0532633 -0.143991 -0.555389 -0.738118 -0.00434683 -0.352571 -0.210918 -0.935012 -0.294591 
0.126991 -0.551557 -0.573007 0.503103 0.275987 -0.735007 -0.325226 0.245999 0.780997 0.802947 
0.815 -0.737 -0.24 0.316 -0.419 0.777 -0.467 0.828 -0.216 -0.297 
-0.556 -0.524 -0.626 -0.892 0.535 -0.598 0.935 -0.559 0.786 -0.607 
0.32 0.414 -0.056 0.857 -0.088 -0.696 0.496 0.691 -0.294 -0.174 
-0.78431 0.582977 -0.86702 -0.487106 -0.0240091 -0.695113 0.665 0.20512 0.097974 -0.582111 
0.615288 -0.2101 0.0237403 -0.523263 -0.150179 0.933578 -0.505013 -0.0261654 0.0748392 0.693259 
0.776382 0.463426 -0.244482 0.669486 0.506842 0.458616 0.681942 -0.403396 0.493395 0.116897 
0.916712 0.952983 0.539574 0.182406 0.13402 0.462927 0.372366 -0.220076 -0.944147 0.332144 
-0.919575 -0.425302 -0.627283 1.02593 -0.74091 -0.79267 -0.943011 -0.318825 -0.880933 -0.446046 
0.106428 -0.937209 0.699791 -0.0993962 0.713414 0.253687 0.953731 -0.132922 -0.987734 0.579338 
-0.519945 0.750743 0.892456 0.566023 0.605841 0.142841 -0.874177 -0.232806 0.112049 0.770224 
-0.520013 -0.753966 -0.892241 0.485015 -0.301544 0.0706347 0.00778053 0.777179 -0.762456 -0.54883 
-0.490878 0.302014 0.194606 0.15015 0.671669 0.587978 -0.107226 0.804781 -0.179364 -0.428032 
-0.683189 -0.291568 -0.875528 0.507997 -0.623087 -0.838996 -0.0560925 0.381137 -0.944297 -0.646116 
-0.195217 -0.599603 0.245234 -0.775229 -0.914066 0.544176 0.186164 0.0985584 0.691795 0.305336 
-0.319675 -0.611588 0.147812 0.836239 -0.989827 -0.251525 -0.901568 0.750692 -0.90659 0.00410852 
-0.0701314 0.483029 0.114429 0.718342 -0.00107842 0.869504 0.323709 -0.105272 0.601633 -0.573792 
0.451461 0.657027 -0.0754071 -0.928791 0.615809 0.417751 0.660442 1.01126 -0.913932 0.261748 
-0.268071 -0.381169 0.237958 -0.729282 -0.264491 -0.967796 -0.596674 -0.071439 -0.09154 -0.684323 
0.164372 0.221987 -0.766657 -0.296557 -0.970348 -0.309981 -0.913116 -0.467432 -0.117242 -0.628288 
-0.931953 -0.188147 0.145218 -0.948854 -0.17737 -0.838951 0.41751 -0.558334 -0.767133 -0.0356267 
0.134217 0.66738 0.103967 0.436052 0.420767 0.286651 -0.700065 -1.04583 0.0175344 0.85002 
0.585557 0.0874258 -0.601308 -0.0559647 -0.96169 -0.634225 0.177717 0.43707 -0.888269 -0.380148 
-0.447303 -0.357973 0.824356 -0.832325 -0.508984 0.0021132 -0.987366 0.482097 0.828658 0.155065 
-0.811108 -0.100301 -0.269923 0.438095 -0.369158 0.203277 0.897921 -0.435884 -0.524884 0.821241 
-0.099207 -0.0107097 0.406816 -0.231033 0.884978 -0.93384 0.380354 -0.870541 0.834504 -0.683072 
-0.961959 -0.827238 0.0689795 0.571105 0.44105 0.825787 -0.807563 0.334799 -0.605033 0.102815 
-0.683992 0.00738649 0.021999 -0.236356 0.947918 0.00724765 0.771526 0.00710271 0.79 0.157452 
0.0469969 -0.168914 0.0860031 0.695997 -0.0940257 0.467 0.813985 -0.810008 0.467 0.604961 
0.511 -0.617 -0.347 0.439 -0.174 0.942 0.929 0.44 0.527 -0.46 
0.886 -0.557 0.047 -0.847 -0.53 -0.39 0.605 -0.291 -0.029 -0.529 
0.242 -0.668 -0.158 -0.58 0.225 -0.119 0.718 -0.412 0.351 0.252 
0.856999 -0.135002 -0.0250019 0.430195 0.351 -0.898002 0.749999 0.787862 -0.253003 -0.927901 
0.28988 0.218776 0.716619 0.993775 0.759928 -0.243997 -0.908 0.693892 0.198984 0.0319395 
-0.153751 -0.130725 -0.661989 0.936817 -0.557197 -0.144475 -0.514012 -0.965446 -0.636383 -1.00271 
-0.673074 0.0164746 0.134421 -0.936962 0.708007 -0.105908 -0.253143 -0.458409 0.317561 0.632496 
0.128382 0.114314 -0.772003 0.00222036 -0.511826 0.373837 -0.457767 -0.476613 0.0452638 -0.437422 
-0.0522907 0.143808 0.693827 0.497598 0.977226 -0.888686 0.280025 -0.48432 -0.237835 0.632084 
-0.728324 -0.736382 -0.401965 -0.280249 0.987924 -0.0979474 0.454884 0.50493 0.615525 -0.927352 
-0.898721 0.436407 0.90072 -0.892373 0.414572 -0.545606 -0.507944 -0.100988 -0.0868786 0.220614 
-0.331695 0.166386 0.334846 0.388389 0.58097 0.490515 -0.543476 0.315557 -0.886839 -0.503068 
0.345332 0.0409383 0.821002 0.132128 -0.670484 -0.208487 -0.178954 1.06208 0.955908 -0.0523136 
0.504615 -0.0598733 -0.35484 -0.358046 0.0550564 -0.303157 0.782138 0.431991 -0.797713 0.797281 
0.0243571 -0.946461 -0.384314 0.0680954 -0.0394514 -0.713641 -0.415134 0.279594 -0.527969 -0.654757 
-0.484927 -0.747982 -0.303444 -0.484831 0.171184 0.736286 -0.728479 -0.176156 -0.778622 -0.128679 
0.041396 0.0837707 -0.254012 -0.0665248 -0.753796 -0.592773 -0.18386 -0.171734 0.94291 0.105631 
0.631792 -0.340826 -0.182093 -0.474969 -0.712625 0.56823 -0.128749 0.249792 -0.616086 0.442399 
-0.850139 -0.41229 0.562813 -0.380646 0.820087 -0.442892 0.677613 1.05297 0.3595 0.0608885 
0.119051 -0.940808 0.0987047 0.254876 -1.04315 0.979637 -0.618675 0.461012 0.40534 0.218452 
0.765555 -0.595091 -0.775302 0.653721 0.900853 0.0238438 0.106838 -0.774277 -0.328327 0.220987 
0.176316 -0.599934 0.434158 0.516608 0.934697 0.563868 -0.19407 0.660857 -0.913182 0.286325 
-0.418997 0.724547 -0.893384 0.865797 -0.595205 -0.632495 0.089166 0.342387 0.352865 0.237234 
-0.0744756 -0.617329 -0.389201 -0.691654 -0.598966 0.945072 -0.804511 0.0263261 0.65921 0.297578 
0.717472 0.188728 -0.968539 0.222358 0.784906 -0.822115 -0.263812 0.500347 0.136779 -0.103853 
-0.537479 -0.823043 0.800987 -0.797018 0.911518 -0.169745 0.313321 -0.900904 -0.00203467 -0.895918 
-0.402006 -0.883004 0.790001 -0.132003 0.373977 0.691941 -0.552011 -0.894008 0.184 -0.151742 
0.925997 -0.433002 -0.764997 -0.593003 0.976973 0.471 0.204994 -0.970009 -0.08 -0.155041 
0.458 -0.241 -0.402 0.042 -0.192 -0.723 -0.934 0.633 0.505 -0.722 
0.29 0.311 0.44 -0.983 -0.598 -0.131 0.543 -0.152 -0.774 -0.24 
-0.943 -0.137 0.646 -0.51 -0.332 0.526 0.386 -0.39 0.649 -0.661 
-0.187 0.162 -0.642 -0.78 -0.563 0.815 -0.125 -0.628 -0.124 0.39 
0.428999 -0.445001 -0.990005 0.077 -0.216 0.275 0.435 0.976 -0.160004 -0.951997 
-0.471065 -0.810058 -0.368168 0.367 -0.363 0.322988 0.444997 0.00472854 0.993432 -0.913843 
0.731325 0.451635 0.271463 -0.459017 0.924999 0.200956 -0.145014 0.315202 -0.622917 0.392213 
-0.570802 0.258347 -0.282512 -0.174242 -0.875025 -0.310114 -0.811069 0.744423 0.933501 0.84787 
0.714326 -0.120864 -0.398714 0.426916 -0.687109 -0.952334 -0.974205 -0.28276 0.72491 0.709528 
-0.538677 -0.449409 0.941511 0.884717 -0.527298 -0.0249401 0.749606 -0.237157 0.95082 0.235491 
-0.505219 0.301138 -0.429165 -0.234633 0.610582 -0.223553 -0.237514 -0.711979 0.566594 0.019088 
0.931102 -0.0858052 0.343205 0.655827 -0.640082 -0.58396 -0.615905 -0.911883 0.484059 0.641799 
-0.106843 -0.427131 -0.324658 -0.62263 -0.106033 -0.198462 0.114253 -0.698826 -0.373859 -0.886935 
-0.608322 0.265495 -0.359377 0.618281 -0.91006 -0.257216 0.958661 0.187299 -0.71645 -0.477931 
0.876863 0.7707 -0.897239 -0.839444 -0.50341 -0.205426 -0.892598 0.942504 0.255709 0.687382 
0.168961 0.015052 -0.505432 -0.875103 -0.563536 -0.364219 0.256547 0.361316 -0.531532 0.858297 
-0.666226 -0.0452221 -0.203972 0.589268 0.464274 0.557673 -0.0882886 -0.471845 -0.293224 0.532404 
-0.901176 0.855751 -0.28085 0.764126 0.817771 0.671657 0.28325 -0.215666 0.138693 -0.104004 
0.655567 -0.92612 0.550993 -0.0559287 -0.481194 -0.372841 -0.327359 -0.763786 -0.363241 -0.545839 
0.830835 -0.724659 -0.942005 -0.912022 -0.679779 -0.564418 0.0515313 0.435153 -0.862009 -0.00319541 
-0.290447 -0.804174 0.303399 -0.644748 -0.615227 -0.0281267 -0.188178 0.191491 -0.609542 -0.788544 
0.630122 -0.667047 0.558629 0.114001 0.763399 -0.400726 -0.794183 -0.526849 -0.448941 -0.114582 
-0.55065 0.651695 0.170854 -0.411391 0.716342 0.272408 -0.912903 0.452136 0.373722 0.177857 
0.607141 -0.526315 0.648967 0.928529 -0.372076 0.394892 -0.417326 0.831284 0.126799 -0.952318 
-0.00105511 0.984708 0.989975 0.771974 -0.361931 0.770944 -0.207049 0.695616 -0.627023 -0.937908 
-0.0920007 -0.284 0.3 -0.261 -0.172998 0.496999 0.871998 -0.422006 0.288999 0.772 
0.693 0.657998 -0.00102728 0.478 0.366 0.61 -0.358 0.995087 0.566974 0.577 
0.854 -0.546 0.992 0.602 -0.774 0.994 0.045 0.374 -0.452 0.883 
-0.556 0.881 0.975 -0.33 -0.153 -0.682 -0.902 0.967 0.594 0.572 
-0.933 0.138 -0.009 0.789 0.268 -0.54 -0.488 -0.7 -0.188 -0.566 
0.677 0.575 -0.383 0.89 -0.953 -0.01 0.34 -0.295 -0.516 0.643 
0.814 -0.436 0.5 -0.702 0.682 0.875 -0.63 -0.077 -0.502 0.051 
-0.136 -0.323 0.023 -0.74 -0.236 0.117 0.467 -0.23 -0.081 -0.145 
-0.703002 0.726998 -0.335026 -0.700004 0.888 -0.0310002 0.813 -0.601814 0.243997 -0.641001 
-0.150008 -0.544014 0.604895 0.809986 -0.572 0.912997 -0.58 -0.117005 0.0319878 0.265582 
-0.613007 -0.369035 0.463081 0.50097 0.379991 -0.415003 -0.298006 0.0755891 0.652934 -0.406481 
-0.773002 -0.612107 0.952068 0.801921 0.865956 0.167997 0.146967 -0.623905 0.13687 -0.367099 
-0.688226 0.861772 0.318009 0.100914 -0.445123 -0.315005 -0.914031 0.123022 -0.259078 0.762966 
-0.354017 0.931547 -0.334427 -0.0471607 0.145879 -0.787016 0.593994 0.714031 -0.925045 0.266404 
-0.272471 -0.519812 -0.493466 0.801609 -0.506024 -0.42904 -0.494005 -0.286789 0.954892 0.141151 
-0.558785 0.223035 -0.223293 -0.899507 -0.96902 -0.260079 -0.697008 -0.0569417 -0.472057 -0.444443 
-0.418571 -0.730492 0.847935 -0.0898676 -0.212017 0.562796 -0.600013 0.562359 0.513971 0.498671 
-0.965831 -0.289518 0.373852 -0.717787 -0.894076 -0.742425 0.396959 -0.571484 -0.841017 0.108347 
-0.595206 -0.904771 0.820342 -0.74548 -0.127309 -0.125439 -0.604537 -0.250947 -0.89505 -0.227475 
-0.618594 0.14195 0.139785 -0.869928 -0.61367 -0.162594 -0.723998 -0.586133 -0.248192 0.365781 
-0.320509 -0.22991 -0.416915 0.521012 0.579908 0.44615 -0.132099 0.974841 0.99871 0.591255 
0.518647 -0.758123 -0.290347 -0.294196 0.628507 -0.15223 0.453986 0.99758 -0.510299 -0.804978 
0.451651 -0.0750207 -0.273523 0.86702 -0.0364296 0.554907 0.904975 0.306886 0.206803 0.34867 
0.392976 0.323 -0.6591 0.0463365 -0.366488 -0.216106 0.425986 0.79264 -0.389039 -0.178366 
-0.134231 -0.742 -0.589107 -0.202609 -0.196491 -0.015124 -0.497017 -0.636607 -0.392013 0.923509 
0.0373823 0.401 0.936964 -0.989593 0.346934 -0.0811295 0.0908438 0.149536 0.159919 0.405409 
0.421556 -0.91 0.329993 0.280609 0.887911 -0.205171 0.637807 0.412979 0.983909 0.646684 
-0.345676 -0.629 0.502 0.1 0.760992 0.71697 0.964973 -0.46072 0.500994 -0.577001 
0.815 0.409 -0.947 -0.998 -0.569 0.585 0.089 0.807 0.944 0.535 
0.264 -0.188 0.627 -0.016 -0.245 -0.905 -0.115 -0.551 0.238 0.755 
-0.585 0.741 0.056 -0.391 -0.981 0.827 -0.138 -0.752 -0.221 0.343 
-0.269 -0.249 -0.749 0.096 -0.502 -0.021 0.138 -0.694 0.991 -0.699 


