2e-05

2

784 10 
-0.533 -0.5 0.724 0.358 -0.536 -0.855 -0.173 -0.509 0.942 0.436 -0.396 -0.847 -0.618 -0.284 0.895 0.726 0.538 0.912 -0.701 0.894 0.811 -0.667 -0.336 0.711 -0.132 0.644 -0.243 -0.141 0.741 -0.222 0.035 0.842 -0.894 -0.058 -0.352 0.805 -0.271 0.35 0.101 0.548 -0.377 0.954 0.84 0.376 -0.692 -0.561 0.323 0.538 -0.918 -0.459 0.115 0.658 0.93 -0.694 -0.614 -0.255 0.072 0.829 0.573 -0.488 0.29 -0.364 -0.233 0.574 -0.948 0.15 0.724 0.43 -0.809 0.337 -0.713 -0.617 -0.091 0.758 -0.412 -0.054 0.03 0.168 -0.409 0.655 -0.641 -0.463 -0.517 -0.959 -0.65 -0.164 0.02 -0.979 0.199 -0.516 -0.266 0.999 0.938 0.788 -0.533 -0.107 -0.517 -0.579 -0.383 0.514 0.616 0.451 0.249 0.556 -0.697 0.008 -0.391 -0.298 -0.515 -0.657 0.587 0.503 0.2 -0.382 0.796 0.281 -0.202 0.157 0.622 -0.708 -0.821 0.657 -0.809 -0.112 0.511 -0.366 -0.945 -0.354 -0.114 -0.567 -0.858 0.416 0.998 -0.349 0.699 -0.524 -0.611 -0.288 -0.49 -0.131 -0.312 0.789 -0.577 -0.415 -0.715 0.426 0.757 -0.068 -0.846 0.189 0.329 -0.308 -0.445 -0.451 0.512 -0.94 0.753 -0.577 0.996 -0.471 0.437 -0.051 0.195 -0.584 -0.895 -0.718 0.734 0.701 -0.329 -0.737 -0.645 -0.947 -0.192 -0.055 0.756 0.558 0.982 -0.856 -0.778 -0.839 -0.55 -0.534 0.659 -0.561 -0.976 0.51 -0.351 -0.687 -0.978 -0.982 0.905 0.391 0.625 -0.586 0.824 0.874 -0.841 -0.93 -0.703 -0.823 -0.73 -0.332 0.985 -0.52 0.627 -0.901 -0.375 0.924 0.972 -0.819 0.432 0.593 0.031 -0.858 0.286 0.9 -0.64 -0.026 0.17 -0.167 0.76 -0.333 -0.45 0.694 0.624 -0.875 0.694 -0.698 -0.534 -0.407 0.484 -0.536 0.152 -0.913 0.926 -0.243 -0.685 -0.773 -0.242 0.109 0.086 0.487 -0.526 0.627 0.928 -0.48 -0.038 -0.404 0.261 -0.475 -0.74 -0.884 -0.674 -0.229 0.547 0.52 -0.076 0.763 -0.149 0.829 0.713 0.578 0.007 0.2 -0.561 -0.24 -0.676 0.108 -0.113 -0.15 -0.572 0.384 -0.46 -0.296 -0.644 0.35 -0.515 0.216 0.357 0.357 0.271 0.361 0.022 -0.888 -0.304 -0.959 -0.871 -0.435 -0.068 0.855 -0.038 0.734 -0.028 -0.631 -0.037 -0.517 0.635 -0.152 -0.062 -0.858 -0.489 -0.825 0.825 0.87 0.934 0.783 0.398 -0.299 -0.266 -0.466 0.993 0.705 -0.452 -0.7 -0.359 -0.145 0.462 -0.123 -0.322 -0.557 -0.327 0.313 -0.928 -0.39 -0.068 -0.305 0.831 -0.512 0.09 -0.411 0.145 0.314 -0.26 0.258 -0.241 0.605 -0.819 0.829 -0.392 0.997 0.556 0.627 0.541 0.24 0.174 -0.923 -0.317 0.992 0.601 0.759 -0.572 -0.916 -0.214 -0.03 0.847 -0.497 -0.337 -0.637 -0.829 -0.76 0.542 -0.087 -0.296 0.232 0.205 0.539 0.422 0.247 0.648 0.864 0.075 -0.288 -0.322 0.262 0.985 0.944 -0.46 0.508 0.87 -0.677 -0.528 0.087 0.763 0.103 0.527 -0.031 0.565 0.543 -0.912 -0.363 -0.537 -0.319 0.342 -0.94 0.758 -0.112 -0.31 -0.157 0.62 0.067 -0.217 -0.774 0.038 0.629 0.748 0.359 -0.234 -0.045 -0.274 0.025 0.001 0.496 0.515 0.342 0.913 0.196 0.072 -0.394 -0.571 -0.295 0.812 -0.907 -0.964 0.141 0.994 -0.348 -0.162 0.355 0.131 0.841 -0.989 -0.814 0.65 0.634 -0.647 0.452 0.262 0.454 -0.366 -0.744 0.124 -0.787 -0.972 0.08 -0.142 -0.845 0.264 0.676 -0.091 0.561 -0.052 0.653 -0.78 -0.077 0.369 -0.741 -0.381 -0.997 0.781 -0.608 0.313 0.589 0.938 -0.59 -0.766 0.961 -0.507 0.269 -0.131 -0.3 -0.736 -0.785 0.815 0.039 0.288 0.954 -0.29 -0.226 0.815 -0.459 0.679 0.898 -0.212 -0.868 -0.311 -0.992 0.79 0.363 0.184 0.2 0.885 0.071 -0.133 -0.705 -0.175 0.629 -0.402 -0.307 -0.92 -0.751 0.528 0.864 -0.595 -0.184 0.726 0.087 0.964 0.686 0.662 -0.936 -0.585 0.873 0.941 0.762 0.531 -0.732 0.602 -0.693 0.012 -0.37 -0.191 0.556 0.293 0.152 0.345 -0.752 0.712 -0.886 0.958 0.704 0.052 0.479 -0.577 -0.134 -0.502 0.196 -0.367 -0.978 -0.608 0.925 0.458 -0.193 0.83 -0.4 -0.201 -0.552 -0.46 -0.425 0.567 -0.603 0.897 0.851 -0.77 -0.075 -0.771 -0.06 0.147 0.655 -0.208 0.754 0.146 -0.054 0.569 0.663 -0.485 -0.525 -0.472 -0.43 0.464 -0.038 -0.476 0.469 0.923 -0.667 -0.09 -0.664 0.278 0.636 -0.836 0.949 -0.495 -0.996 -0.377 0.97 -0.432 0.085 -0.627 -0.806 0.826 0.572 -0.36 -0.181 -0.389 -0.711 0.565 0.585 0.45 -0.391 0.166 -0.926 -0.7 0.573 0.161 0.968 -0.969 0.426 -0.578 -0.221 0.552 0.391 0.764 0.364 -0.745 -0.526 -0.179 0.547 0.789 -0.805 0.95 -0.246 0.012 0.439 0.912 0.967 -0.585 0.223 -0.566 0.486 -0.042 -0.194 -0.3 0.692 -0.468 -0.026 0.021 -0.778 -0.624 -0.052 0.982 -0.224 0.111 0.856 -0.075 -0.514 0.969 0.534 -0.332 0.991 0.783 0.727 0.871 0.612 0.027 0.545 0.185 -0.763 0.313 -0.15 -0.889 -0.851 0.454 -0.319 -0.733 0.793 0.472 -0.17 -0.558 0.877 -0.298 0.381 -0.177 -0.977 -0.405 -0.673 0.31 0.058 0.487 -0.472 -0.742 0.86 0.286 -0.39 0.128 0.841 0.503 -0.135 0.881 -0.25 -0.402 -0.339 -0.244 -0.722 0.435 -0.925 0.386 -0.64 -0.952 0.492 0.84 0.735 0.599 0.892 0.328 0.369 0.794 0.252 0.432 0.208 0.497 0.649 -0.159 -0.9 -0.352 0.851 -0.367 0.2 0.99 -0.081 -0.422 -0.456 0.487 -0.475 0.538 -0.807 0.011 0.834 0.497 -0.471 -0.195 0.392 0.549 -0.021 0.277 -0.807 0.497 0.276 -0.418 0.159 -0.511 0.449 0.072 0.008 -0.792 -0.497 -0.393 -0.926 -0.389 -0.239 -0.11 -0.317 0.932 -0.259 -0.187 -0.604 -0.385 -0.401 -0.32 0.032 -0.416 0.517 -0.33 -0.118 0.523 -0.895 0.095 0.916 -0.822 0.058 -0.25 0.729 -0.005 -0.324 -0.101 0.565 0.608 0.243 0.514 0.055 0.973 -0.252 -0.014 -0.554 -0.483 0.916 
-0.131603 -0.400932 -0.767486 -0.0980761 -0.346317 -1.26466 -1.1607 0.0641922 -0.43252 -1.36853 


-0.82 -0.903 0.065 0.065 -0.487 0.261 -0.422 0.078 -0.122 -0.86 
-0.389 0.947 -0.555 -0.83 0.975 0.489 -0.25 -0.851 0.333 0.865 
-0.786 0.282 0.007 0.432 -0.104 -0.633 -0.478 -0.118 0.81 0.641 
0.231 -0.813 -0.295 -0.521 -0.679 -0.462 0.351 0.447 -0.792 0.646 
-0.724 0.759 -0.811 -0.578 0.666 -0.514 0.455 -0.972 0.614 -0.14 
0.253 0.777 0.348 -0.497 -0.139 -0.569 0.082 -0.545 -0.803 -0.894 
-0.248 0.821 0.296 -0.719 -0.979 -0.545 0.947 0.124 -0.682 0.135 
0.376 0.774 0.859 -0.002 -0.926 0.253 -0.078 -0.365 0.643 -0.112 
-0.847 0.232 -0.253 -0.32 0.926 0.678 -0.55 -0.199 -0.039 -0.801 
-0.145 -0.637 0.716 -0.427 0.561 0.245 -0.527 -0.726 0.55 -0.647 
0.181 -0.713 -0.301 -0.89 -0.357 0.465 0.172 -0.471 0.981 -0.888 
0.476 -0.619 -0.753 -0.11 -0.329 -0.195 -0.628 -0.968 0.989 0.32 
0.164986 0.430998 0.658001 0.293 0.206 -0.422009 -0.0513818 -0.794 0.170994 -0.834 
0.395964 -0.30301 0.0200125 0.693998 0.529 -0.212024 -0.889656 0.983999 0.968986 -0.0220046 
0.616994 -0.985006 -0.373987 0.683998 0.168 0.905995 0.927989 -0.903001 -0.882002 -0.610005 
0.199 0.785 -0.513999 0.199 -0.58 -0.29 -0.729 0.813 0.415 -0.915 
-0.682 0.58 0.331 0.267 -0.613 0.444 0.186 -0.493 -0.64 0.827 
-0.926 -0.569 0.152 -0.729 -0.732 -0.307 0.885 -0.663 0.311 0.604 
-0.323 -0.594 0.768 0.022 0.413 0 -0.458 0.537 -0.962 0.388 
0.355 0.289 0.647 0.181 0.093 -0.416 -0.013 -0.239 -0.507 -0.783 
0.501 0.482 0.447 0.665 -0.247 -0.896 0.084 0.095 0.525 -0.779 
0.964 0.781 -0.128 -0.894 0.656 0.343 -0.407 0.08 -0.92 -0.132 
0.411 0.713 -0.032 0.251 0.216 -0.921 -0.232 0.04 0.531 -0.067 
0.779 -0.337 -0.741 -0.347 0.936 -0.905 -0.635 0.874 0.72 -0.165 
0.68 -0.024 -0.545 0.725 -0.929 -0.192 0.559 0.156 0.602 0.832 
0.905 -0.56 0.375 0.562 -0.115 0.962 0.08 0.836 -0.203 0.202 
-0.492 -0.92 0.34 -0.924 0.058 0.493 0.74 -0.454 -0.526 -0.227 
0.097 -0.12 0.335 0.072 0.4 -0.293 -0.045 -0.334 -0.859 0.588 
-0.519 0.168 -0.685 0.396 -0.775 0.009 -0.988 -0.864 0.455 -0.238 
0.043 -0.258 -0.979 0.922 -0.488 0.248 -0.982 0.368 0.717 0.714 
0.65 0.29 0.335 -0.241 0.169 0.895 0.303 -0.36 0.979 -0.801 
0.105 -0.209 -0.339 -0.319 0.652 -0.247 -0.967 -0.971 0.987 0.042 
-0.747 -0.917 0.42 0.814 -0.282 -0.756 0.0630098 0.229 -0.348 -0.136 
-0.231001 -0.530001 0.005 0.047 0.594 0.487 -0.673964 0.276 0.323 -0.46 
0.678982 0.989986 -0.412 -0.29 0.271 0.944982 0.223345 -0.53 -0.817 0.588996 
0.954954 -0.0220624 -0.220996 0.00599985 0.262 -0.865047 0.491797 0.195999 0.0329941 -0.912008 
-0.0650774 0.777759 0.993179 -0.210004 -0.0380013 -0.0350757 0.00526111 0.104996 0.806958 -0.433023 
-0.331345 0.13283 -0.328863 0.45699 -0.00201029 0.544882 0.602776 -0.782017 -0.162073 -0.156055 
0.370735 -0.438382 0.0280597 0.263973 -0.19906 -0.277156 0.495589 0.603969 0.600876 -0.773266 
0.196931 0.69145 0.770995 -0.637005 0.300867 -0.637309 0.730977 0.564952 0.420901 0.444758 
-0.38946 -0.505492 -0.259022 0.0219999 0.811839 0.150517 0.0296399 -0.945045 0.392913 -0.262075 
0.2779 0.881176 0.607955 -0.346002 0.82164 -0.293216 -0.741528 0.337975 -0.856066 -0.710037 
0.335678 0.154347 -0.396001 -0.377006 -0.775208 -0.922119 0.728123 0.98099 -0.670121 0.732939 
-0.779313 -0.405257 0.130012 -0.154072 -0.0130973 0.444775 -0.193846 -0.384015 0.749893 -0.511032 
0.336093 0.960958 -0.865064 -0.303498 -0.79133 0.629365 0.220014 0.907999 -0.263033 -0.526009 
0.91927 0.371383 -0.706993 0.854693 -0.266394 0.560717 0.058757 0.605999 -0.816035 0.0749949 
-0.618239 -0.881131 -0.259028 -0.568006 -0.316305 -0.221105 -0.714767 -0.717 -0.333023 -0.164001 
-0.875122 -0.882086 -0.263033 -0.972 -0.881176 -0.423089 -0.258897 -0.909 -0.444037 -0.205002 
-0.94006 0.90092 -0.207018 0.431999 -0.864036 -0.42008 -0.121839 0.907 0.183951 -0.926001 
-0.281021 -0.210032 -0.524009 -0.959 0.350987 -0.671018 -0.707156 -0.026 0.0719509 0.591 
-0.811013 0.786988 0.489998 0.239 -0.10701 0.0529919 0.064348 -0.319 0.902986 0.00499999 
-0.824005 -0.521005 0.695 -0.861 -0.532001 0.997995 0.083184 0.639 0.515 0.621 
0.993 0.826 0.722 0.838 -0.172 -0.419 -0.601 -0.022 0.891 0.023 
-0.057 -0.166 -0.757 0.349 -0.298 -0.293 -0.498 0.141 -0.313 -0.654 
0.891 -0.363 -0.587 0.4 -0.184 0.69 0.162 -0.065 0.126 0.41 
0.877 0.382 -0.74 0.189 -0.295 0.874 -0.337 -0.278 -0.805 -0.434 
-0.64 -0.962 -0.412 0.811 -0.755 0.467 -0.575 -0.133 0.189 -0.458 
0.063 0.547 -0.498 0.617 0.099 0.023 0.226 0.203 -0.952 0.051 
0.569998 -0.364001 0.458 0.967 -0.544 0.404999 0.531021 0.962 -0.181 0.975 
-0.44388 0.530999 0.494999 -0.956 -0.409 -0.197001 0.388005 -0.085 0.45 -0.681 
-0.727962 0.790996 0.382996 -0.867008 0.775 -0.358006 0.569204 -0.7 0.953994 -0.922 
0.58499 -0.743005 0.333 -0.107003 -0.51 -0.897006 -0.249637 0.233 -0.278008 -0.729053 
0.610932 -0.0100953 -0.661995 0.64097 0.258 0.0469127 -0.642782 0.657747 -0.521073 0.301672 
-0.316362 -0.0113317 -0.997916 0.567665 -0.578016 -0.105575 -0.852851 -0.993198 -0.639154 -0.258377 
-0.806989 0.692688 0.188303 -0.822937 -0.958016 0.355661 0.960178 0.844907 0.468708 -0.655362 
-0.625598 0.903355 -0.0350704 0.707202 -0.939058 0.382968 -0.897713 0.500461 0.461439 -0.298837 
-0.910003 0.0578293 0.155628 0.526079 0.551578 -0.928765 0.200648 0.72436 -0.756781 -0.1612 
0.0297706 -0.891664 -0.933333 -0.639052 0.551075 -0.232356 -0.462119 0.728018 -0.254236 0.503379 
0.831961 -0.614657 -0.499944 0.101162 0.350063 0.670558 -0.842977 0.0396288 -0.480416 0.0775047 
0.510352 0.815958 0.852273 0.0193435 0.236835 0.903305 0.608483 0.647207 -0.422641 0.466339 
0.55082 0.859586 0.180885 0.216438 -0.390983 -0.658401 -0.0794618 -0.822394 0.63126 -0.15005 
-0.171288 0.651099 -0.0964656 -0.745594 0.406328 0.762664 0.124049 0.271923 0.836448 -0.31866 
-0.165126 0.908807 0.717261 0.878855 0.68076 0.259286 0.841971 -0.935721 -0.614752 -0.0709019 
0.557337 -0.925834 -0.99769 0.116514 0.00914777 -0.376837 -0.318302 0.151699 -0.373222 0.170605 
0.806374 -0.598937 -0.705674 0.417126 0.65902 -0.515835 -0.283195 -0.823058 0.0674725 0.235264 
-0.577993 -0.362901 -0.160556 0.629585 0.0193847 0.888256 -0.264124 -0.726023 -0.00988484 -0.218452 
-0.808832 0.4533 -0.710389 0.660402 -0.70053 -0.00484586 0.237319 -0.577026 -0.112026 -0.283153 
-0.36278 -0.301277 0.565594 -0.11786 0.657163 -0.341662 -0.692788 -0.614002 -0.349582 -0.23504 
0.598319 -0.161334 0.208725 0.496429 0.281519 0.249718 -0.906239 -0.579002 -0.825298 -0.419014 
-0.214806 0.27073 -0.713053 0.99863 -0.496086 -0.0211045 -0.848252 -0.3 -0.470083 -0.53901 
-0.88221 -0.79509 0.539987 -0.172015 -0.541014 0.621973 -0.598462 0.76 0.0979573 -0.0650083 
-0.519016 -0.386007 0.567001 -0.507003 -0.404 0.160995 0.746156 -0.462 0.669993 -0.462 
0.476 0.555 -0.083 -0.629 -0.24 0.752 0.758 0.433 -0.745 0.065 
-0.274 -0.599 0.034 -0.241 -0.607 -0.452 0.273 -0.208 -0.807 -0.067 
-0.863 0.103 0.69 -0.789 0.694 -0.332 -0.373 0.498 -0.011 0.248 
0.879 0.647 0.149 -0.069 -0.331 -0.125 0.598 0.449 0.436 -0.401 
-0.877007 0.44306 0.730999 -0.846 -0.139001 -0.566003 0.385036 0.967 -0.184001 0.392998 
-0.295714 0.866007 -0.0470052 -0.692001 -0.777 -0.316007 -0.20743 -0.333001 -0.952002 -0.531 
0.930063 -0.189013 0.813995 -0.910005 0.427 0.743046 0.604426 -0.401068 -0.526065 0.194994 
-0.495775 0.157772 0.589142 0.858698 0.80895 0.888918 0.44581 -0.960941 0.817802 0.363062 
0.971618 -0.975851 0.0895868 -0.497314 -0.934029 -0.588389 -0.158785 -0.432683 -0.324417 0.39298 
-0.365705 0.978966 0.652397 0.105995 -0.813044 -0.918724 0.0923347 0.380503 0.249168 -0.317567 
-0.259993 0.359111 -0.870614 0.495746 -0.723232 -0.140733 -0.566941 0.542736 0.870356 -0.175461 
-0.153418 -0.610496 -0.351957 -0.119063 -0.522663 -0.124135 -0.0687294 0.231687 0.257074 0.0305367 
-0.283429 0.763885 0.860817 -0.484758 -0.0733583 -0.241719 0.142795 0.205148 -0.329387 0.309255 
-0.750574 -0.0778221 -0.254059 0.318655 0.970345 0.564547 -0.616513 0.0210794 -0.928017 -0.0979218 
-0.965321 0.192142 0.835993 -0.264195 0.564547 -0.318219 0.108907 -0.0502329 0.894032 0.126367 
0.580288 -0.389641 0.553147 -0.943743 -0.0708743 0.0694682 -0.630408 -0.926343 -0.173378 0.817807 
-0.310096 -0.421011 0.408001 0.183174 0.616822 -0.7611 -0.110202 0.82823 -0.942393 0.733985 
-0.649625 0.182111 -0.0907017 0.492101 0.566004 0.167932 0.497678 -0.896943 -0.883177 0.371306 
-0.0576123 -0.66512 -0.822661 -0.315621 0.425478 0.896625 0.324945 -0.288463 0.405443 -0.361363 
0.52628 0.535007 -0.272727 0.943967 0.628997 0.923877 0.0731766 -1.0029 -0.571805 0.0777548 
-0.448877 -1.02405 0.13801 0.486595 0.909015 0.260547 0.23356 -0.743064 -0.196475 0.0456488 
-0.446333 0.620926 -0.323276 -0.899358 0.789533 0.0275085 0.202536 0.260348 0.606047 -0.0985811 
-0.983984 0.880105 -0.160317 -0.304414 0.582947 -0.465796 0.197684 0.754388 -0.312362 0.443181 
0.0512572 -0.787816 0.826468 -0.569626 0.216059 0.798303 -0.630956 -0.678595 -0.731934 -0.872587 
-0.13973 0.0253653 -0.831545 -0.145735 -0.374126 0.0847298 0.97393 -0.123005 -0.0799444 0.0809117 
0.390348 0.0186555 -0.807666 0.103582 0.411639 0.765985 0.789226 0.406897 -0.32443 0.782349 
-0.297435 -0.212544 0.833661 -0.109447 -0.37904 -0.91481 0.741195 0.189995 -0.458399 0.997394 
-0.91492 -0.982561 0.6209 -0.576012 -0.403 0.37598 -0.74585 0.669 -0.892048 -0.0730816 
-0.507219 -0.932001 -0.634053 0.101996 -0.562 -0.4 -0.180998 -0.682 -0.710002 -0.016 
-0.661 -0.444 0.808 -0.368 0.478 -0.186 0.787 0.239 -0.926 0.02 
-0.173 -0.446 0.988 0.441 -0.202 0.642 0.002 -0.679 -0.896 0.946 
0.0559994 -0.491001 0.832999 0.708024 0.761 -0.467016 -0.314 -0.196 -0.615001 -0.858 
-0.158007 0.260189 -0.839001 0.620049 -0.657006 0.577999 0.186958 -0.887014 0.0629934 -0.409009 
0.934201 -0.58498 -0.34403 0.761602 0.011958 -0.589011 0.959416 -0.748714 -0.262038 0.369548 
-0.87623 0.507079 -0.99312 0.588913 -0.0490777 0.100874 -0.514755 -0.0416057 0.440661 0.787831 
0.0089145 -0.589783 -0.145025 0.0713222 0.0935666 -0.52935 0.389782 -0.326375 0.542127 0.366327 
-0.746657 0.641428 0.275628 0.548111 -0.467821 -0.242504 0.44758 -0.507455 -0.272401 0.093334 
0.859511 -0.572386 0.954074 -0.58063 -0.430368 0.512137 0.438182 0.375289 -0.50911 0.484013 
-0.633346 -0.664382 -0.737384 0.436018 -0.393421 -0.974172 -0.70748 0.408217 0.164347 -0.378607 
0.803362 0.435159 -0.474789 0.246633 -0.505305 -0.254705 0.763641 0.668786 -0.379692 0.41864 
0.548542 -0.42046 -0.473064 0.315223 -0.839198 0.520479 -0.449898 -0.0117999 0.239801 0.312127 
0.450576 -0.442453 -0.951746 -0.633242 -0.960778 -0.690763 0.184556 0.329751 0.125525 -0.614249 
0.582464 0.755337 -0.0781813 0.649688 -0.278353 0.208591 0.605819 -0.048336 -0.720464 -0.763651 
-0.156122 -0.902743 -0.528839 -0.832126 0.681042 0.773567 -0.0360039 0.301009 -0.778453 -0.164018 
0.64323 -0.316425 -0.279779 -0.0599865 0.310594 0.246822 -0.240152 -0.0248428 0.289925 -0.500194 
-0.89032 -0.233778 -0.0323886 0.0608494 -0.220207 -0.368663 -0.174052 0.676824 -0.0496091 -0.917351 
0.0360502 0.485508 0.475512 -0.72605 -0.160436 0.823772 0.861342 -0.692456 0.32937 -0.879354 
0.323951 0.102892 0.554842 0.430017 -0.613336 -0.0899967 0.963063 -0.71975 -0.896623 0.290214 
0.0136088 -0.539468 -0.93249 -0.765847 0.727484 0.955131 0.493458 -0.418816 -0.769925 0.498411 
0.723127 0.146802 -0.547313 -0.162883 0.374629 0.317476 -0.262862 0.328565 0.210978 -0.648822 
-0.926818 -0.825289 -0.696307 0.720681 0.546149 0.436163 1.08848 0.822988 -0.0500538 0.408651 
0.808709 1.00579 0.962336 0.356969 -0.451973 -0.181602 0.927827 0.342116 0.330614 -0.64704 
0.158197 0.165725 -0.33388 0.488035 -0.695461 0.869926 0.674771 0.160004 0.447007 0.201625 
-0.270773 -0.76685 0.66148 -0.985334 -0.88711 -0.40237 0.306692 -0.346024 0.391659 -0.971128 
0.160497 -0.431302 -0.263021 -0.4795 0.673967 -0.67795 0.79009 0.376518 -0.00758399 -0.421361 
0.600237 -0.514977 0.630305 0.742923 -0.612019 -0.389686 -0.282998 -0.0810816 -0.742621 0.92539 
-0.391828 -0.881088 0.478858 -0.284111 -0.699992 0.395958 -0.147036 0.457986 -0.169985 -0.407152 
-0.194003 0.848993 -0.146007 -0.728012 -0.84 -0.706002 -0.946 -0.667 -0.854037 -0.771 
-0.529 -0.572 -0.441 -0.759 0.421 -0.312 -0.634 -0.967 -0.315 -0.73 
0.329 -0.739 -0.14 -0.792 -0.018 -0.838 -0.494 -0.122 0.979 0.897 
0.886842 -0.461972 -0.531042 -0.216541 0.54 -0.205019 0.266131 -0.367019 0.508986 -0.443005 
-0.682697 -0.865563 -0.947145 -0.860714 -0.742046 -0.407078 0.842303 0.693199 -0.534181 -0.0492736 
-0.86256 0.0936649 -0.0630845 0.194753 -0.488206 -0.903941 0.544838 -0.30812 0.816373 0.487039 
0.278096 -0.770888 0.530002 -0.323335 0.295473 0.703418 -0.639114 0.613389 0.806829 -0.236679 
0.713874 -0.182227 -0.817862 -0.32763 -0.883513 0.374621 -0.769399 -0.0754234 -0.790493 -0.528903 
-0.26775 0.14542 -0.295014 -0.175969 0.00591484 -0.104185 -0.418475 0.594776 -0.806775 -0.0854404 
0.604612 -0.711291 -0.0545284 1.01122 0.0450701 0.746306 -0.543326 -0.578042 0.932173 -0.877655 
-0.103272 -0.512472 -0.760047 0.990156 0.139812 0.543426 0.557759 -0.756441 -0.893101 -0.0737938 
-0.870816 -0.605816 0.475257 0.342092 -0.058485 -0.612616 0.528986 0.190549 0.491598 0.395326 
0.631171 -0.207893 -0.977754 -0.601505 -0.80876 0.705115 -0.409455 -0.878439 0.242783 0.117692 
-0.456538 -0.50564 -0.579083 0.0747602 -0.501911 -0.370061 0.0272119 0.266735 0.324117 -0.52831 
0.471701 -0.00243615 -0.99455 0.90231 -0.266176 -0.783094 0.356246 -0.471511 -0.254628 -0.868614 
0.195171 0.00536268 -0.308551 0.882623 -0.663594 -0.474445 -0.784908 0.30764 -0.880278 0.194953 
0.233749 0.117368 0.254576 -0.932701 0.179925 -0.00260059 -0.685754 -1.1542 -0.0539529 -0.309271 
0.12555 -1.11447 0.698577 0.681168 0.471228 0.785557 -0.602929 0.169258 0.632014 0.451462 
0.72789 0.176594 -0.409972 -0.922359 -0.0339252 -0.199659 -0.442079 -0.211386 -0.498965 -0.711908 
0.724698 0.42628 0.800146 0.0290888 0.0273266 0.24842 0.658569 -0.303635 0.346575 -0.920894 
0.169965 0.867857 -0.640882 -0.151757 -0.563104 -0.113376 0.392041 0.860115 0.534802 -0.364738 
0.131183 0.644909 -0.216696 -0.0325982 0.65573 -0.0521593 -0.997176 -0.315982 0.591167 -0.902042 
0.687378 0.712602 0.432522 -1.08667 0.803051 -0.181026 0.199066 -0.149152 -0.116476 0.795687 
-0.471879 0.863776 -0.684098 -0.888373 -0.982871 -0.748973 0.818806 -0.155442 -0.0663608 0.734414 
-0.753047 -0.405121 0.840544 -0.634018 0.525758 0.139275 -0.690204 0.751245 -0.78805 0.891092 
0.137878 0.565687 -0.0658723 -1.02898 0.880628 0.039422 -0.493099 -0.412801 -0.477461 -0.879425 
0.21869 -0.759008 0.923931 0.89487 0.192328 -0.554312 -0.815856 -0.775078 -0.282079 -0.526792 
0.220994 0.0902759 -0.565252 0.222877 -0.906171 0.582237 -0.133252 -0.373525 -0.995201 0.141731 
-0.31438 -0.411006 -0.460013 -0.763006 -0.150001 -0.240992 0.578001 -0.0440005 -0.323072 -0.597 
-0.958 -0.7 0.811 0.225 0.143 0.595 0.016 -0.385 -0.196 0.006 
-0.632 0.640999 -0.665 -0.301963 0.325 -0.687 -0.977 -0.688 -0.382 -0.543 
-0.604018 -0.661069 0.0860335 -0.905475 0.845818 0.0429868 0.521987 -0.0886004 -0.72002 0.453508 
-0.642288 -0.152123 -0.129994 0.00600759 0.871452 -0.673404 0.408998 0.454103 0.89564 -0.534495 
-0.556681 0.238202 -0.359022 0.702047 0.521254 -0.790602 -0.188353 0.926376 -0.306288 0.373685 
-0.423211 0.977879 -0.933339 -0.686646 -0.367509 0.0615531 -1.00414 -0.882944 -0.47085 -0.216546 
-0.0419328 -0.135557 -0.379996 0.866387 0.274327 0.0849134 0.606732 -0.620998 0.93035 0.7505 
-0.470466 -0.076089 -0.0777726 -0.791806 0.948613 -0.284571 -0.31819 -0.155805 -0.578045 -0.555269 
0.402729 -0.81216 -0.969904 0.747187 0.31363 -0.211042 -1.1575 0.874973 -0.801751 0.315122 
-0.410755 -0.848465 0.289007 -0.652067 0.719722 0.218632 0.440188 -0.955889 0.931972 -1.12962 
0.428194 0.540169 0.0760104 0.510962 0.399958 -0.145613 -0.40985 -0.642493 -0.616232 0.587434 
0.00311703 0.0653511 -0.0873204 0.378777 0.657243 0.727079 -0.505625 -0.68567 0.201534 -0.414411 
0.13678 0.799306 0.569151 0.425743 0.395687 -0.841711 -0.142148 -0.647078 0.0868331 0.117605 
0.628763 -0.51018 -0.0539286 1.02444 0.306451 -0.191773 -0.813684 -0.599657 0.16569 -0.423635 
0.934789 0.441468 0.821246 -0.1581 0.0116477 0.564291 -0.0107805 -1.12061 -0.90874 -0.221834 
-0.430266 -0.358739 -1.06419 -0.534854 0.768591 -0.662656 0.00291428 0.192319 -0.159489 0.164722 
0.223707 -0.440565 -0.607668 0.0368274 0.319252 -0.25237 0.103231 -0.566428 -0.260525 1.04435 
0.5565 -0.495941 -0.592077 -0.166088 0.443594 0.666919 0.122413 -1.14831 -1.00822 0.11552 
0.194669 -0.411913 0.164658 0.463445 0.191633 -0.651125 -0.728987 -0.0147616 -0.0360433 -0.857437 
-0.495021 0.751671 -0.970275 -0.059463 -0.679218 -0.640593 0.0114273 -0.869852 0.491832 -0.16432 
-0.648131 -0.914778 0.640412 -0.259492 -0.338062 -0.848233 -0.0442071 -0.673035 -0.793422 -0.322955 
0.0514143 0.505305 -0.973636 0.657139 -0.456547 0.364051 -0.644305 0.78342 -0.449154 0.610345 
0.696117 -0.346023 0.688806 0.0301984 -0.445571 -0.0707869 0.580518 -0.504385 0.730089 0.0353934 
-0.502024 0.113736 -0.671912 0.749166 -0.769983 -0.4402 -0.963028 -0.730086 0.44555 0.585344 
-0.117311 0.343696 -0.522996 -0.317464 0.494984 -0.211568 -0.615152 0.116361 0.0823649 0.246587 
0.894734 0.0831303 -0.882244 -0.494956 0.671979 0.844339 -0.731376 0.544433 0.973701 -0.343782 
0.0683427 -0.35368 0.749903 -0.605573 0.749853 0.00264024 -0.565914 -0.31026 0.0717454 0.913349 
-0.287202 0.327848 0.510946 -0.875009 0.837973 0.296202 -0.0612386 0.543262 0.0559733 -0.174029 
-0.0980005 -0.242001 -0.412002 -0.979 -0.414 -0.892001 0.777 -0.371958 0.979 -0.053 
-0.451016 0.279924 0.244964 0.129211 -0.938001 -0.574022 -0.281 -0.322331 0.0909621 -0.953133 
0.784868 0.230721 0.406134 -0.315345 0.952932 -0.231164 -0.291242 0.95958 -0.579027 0.94065 
0.464354 -0.984534 0.85989 -0.479388 -0.667463 0.187805 0.670564 -0.939547 0.00451248 0.868957 
0.375377 -0.329124 0.142344 0.452255 -0.877283 -0.524166 -0.463396 -0.494162 0.251142 -0.0637562 
0.732883 -0.726426 -0.513745 0.367834 -1.00371 0.277548 -0.128522 0.844769 -0.011895 0.55283 
-0.599387 -0.747645 -0.767462 -0.317699 -0.525335 -0.259619 0.463283 -0.323724 -0.341176 -0.259246 
0.206013 -0.980705 0.127197 0.186747 -0.438749 0.797725 0.496987 0.938604 -0.0709752 0.359071 
0.709035 0.490094 -0.37742 0.877864 -0.604347 0.611155 -0.715151 -0.128187 0.810955 -0.82919 
-0.018589 0.399634 0.609652 -0.669854 -0.0139506 0.725293 0.572425 0.114837 0.59943 -0.812593 
0.723809 -0.633834 -0.265499 -0.64783 0.481839 0.450982 -0.267401 -0.402988 0.566993 -0.550719 
-0.944865 0.0868616 -0.343907 0.152162 -0.544343 0.732344 -0.503925 -0.0569501 -0.999916 -0.0212205 
-0.528008 -0.633757 -1.0112 -0.607612 -0.117544 -0.999573 0.296262 0.683152 0.696641 0.752952 
0.949707 -1.03022 -0.209335 -0.47787 0.240781 0.169971 -0.945093 -0.662559 -0.756349 1.53271 
0.12298 0.0735731 -0.0626741 0.0361578 -0.54111 -0.088496 0.390221 -0.508057 0.284216 1.08934 
-0.408117 0.0766405 -0.403531 -0.493945 0.29007 -0.321096 -0.283237 0.335682 -0.553147 -0.141362 
0.767211 0.217487 0.694648 0.649274 -0.871103 -0.884508 -0.994893 -0.0459997 -0.566048 -0.345189 
0.332638 -0.347988 0.488917 0.427586 -0.0326434 -0.427137 0.422046 0.4743 0.807799 1.00111 
-0.426447 -0.135983 -0.117026 0.571274 -0.73715 0.344737 -0.725835 0.262118 -0.406727 -0.892176 
0.77886 0.719703 0.785993 -0.120772 -0.175904 -0.320276 -0.145972 -0.582416 -0.58325 -0.749813 
-0.501047 0.0506588 0.514162 -0.878791 0.698716 -1.04548 -0.761365 -0.574994 0.37604 0.782561 
-0.34008 -0.599752 0.263024 -0.243076 -0.713983 0.879151 -0.988874 -0.204693 0.413757 -0.834338 
0.186313 -1.07975 -0.826457 0.394406 0.462012 0.737208 -1.01442 -0.28938 -0.210683 -0.618211 
-0.132101 0.139174 0.0602961 -0.849837 0.860909 -0.310763 -0.917753 -0.320666 -0.866032 0.126698 
-0.179374 0.748603 -0.169254 -0.0642717 -0.0808204 -0.689022 0.888854 0.688798 -0.772519 -0.780351 
0.358496 0.36201 -0.773055 0.407075 0.0936373 -0.0822535 -0.71387 -0.666343 -0.417131 0.271405 
0.747582 0.813633 -0.122957 -0.7003 0.811625 0.67836 0.159321 0.351253 -0.430713 -0.962763 
-0.68912 -0.857206 -0.439088 -0.820005 -0.800022 -0.356971 0.855418 -0.939156 -0.353004 0.938975 
0.808027 0.289979 0.451989 -0.0210005 -0.382 0.418997 -0.993001 -0.715835 -0.453002 0.976999 
0.67498 -0.387102 -0.291028 0.371062 -0.358193 -0.66105 -0.664001 -0.375021 0.500939 -0.967686 
-0.870996 0.357582 0.435168 -0.532305 -0.106628 -0.49726 -0.202355 -0.776413 0.104964 0.228823 
0.0294597 -0.935875 -0.485271 -0.497486 0.572958 0.0150962 0.720104 0.818681 0.312265 -0.642018 
-0.874311 -0.187911 -0.513945 0.388823 0.577879 0.487935 -0.764049 -0.0722111 -0.732096 0.191692 
-0.657213 0.0224699 0.00786157 0.310066 0.738821 0.452555 0.496389 -0.130738 0.0456915 0.505375 
0.601908 -0.456491 -0.48614 -0.330491 -0.614014 0.303883 -0.0911908 -0.2471 0.85805 -1.15385 
0.185419 -0.153234 0.0361947 0.817933 0.18581 -0.860038 -0.718786 0.716141 -0.399085 -0.623657 
0.618993 0.177729 0.406865 -0.156165 -0.381685 0.896294 0.0187293 0.519629 -0.421215 -0.264222 
0.531188 -1.19427 -0.0382279 -0.097345 0.21416 -0.233419 -0.164589 0.955317 -0.0796234 0.177449 
-0.913187 -0.996647 0.263206 0.0945929 0.807022 -0.0502635 0.170864 -0.652583 -0.742757 0.557654 
0.462134 -1.05847 -0.628588 -0.950366 0.571221 -0.848728 -0.901459 1.00749 -0.414906 0.388921 
0.534205 -0.0451074 0.352986 0.545467 0.117904 -1.02632 0.52113 0.781355 -0.99209 -0.284705 
-0.88304 0.0315416 0.721768 -0.638644 -0.0271733 0.0922156 0.325413 -0.493377 -0.636624 -0.11455 
0.130686 -0.308232 -0.838969 0.00622907 0.566004 0.221217 0.155309 0.164256 0.836266 0.564506 
0.78899 0.215604 -0.6343 0.574293 0.618128 0.756831 0.0901728 -0.421229 -1.03385 0.603215 
0.772009 0.563776 -0.479176 -0.274852 -1.01532 -1.01578 -0.389884 0.922668 0.490921 -0.0168856 
0.7368 0.049725 -0.149068 0.0313083 -0.616079 0.246458 -0.244578 0.486732 -0.680711 0.981355 
-0.0883148 0.101243 -0.183815 -0.335708 -0.404041 -0.323829 -1.26411 0.677468 -0.00280211 0.404094 
-0.34826 -0.23439 0.642068 -0.104687 -0.15947 -0.746166 -0.928804 -0.48403 0.652755 -0.811031 
0.962929 -0.965558 -0.446162 -0.0240627 -0.399846 -0.473911 -1.11676 0.41322 0.697975 -0.940592 
-0.743407 -0.20363 0.652656 0.0411699 0.528394 0.410165 -0.62365 0.353445 0.323327 -0.849422 
0.734705 0.341859 0.838615 -0.32046 0.509741 0.127242 0.35871 0.327303 0.106997 -0.605509 
0.527325 -0.631607 -0.1236 0.00938897 -0.613744 0.174527 0.749867 0.55877 0.277201 -0.988893 
-0.716903 0.101924 -0.459533 -0.754398 -0.28622 -0.78333 0.0755602 -0.910081 0.296265 -0.318372 
-0.271387 0.567878 0.0473696 -0.592195 -0.356678 -0.817255 -0.692095 0.430695 -0.0846436 0.0704071 
0.957631 -0.686756 0.589291 0.596271 -0.803027 0.510524 -0.358798 -0.933336 -0.341938 -0.881178 
-0.143579 0.996005 -0.00107415 0.898983 -0.88 0.320011 -0.964479 -0.0169054 -0.0879846 0.914088 
0.952995 0.484974 -0.259026 -0.801007 0.566968 -0.792 -0.156 -0.83024 0.680998 -0.121507 
0.10796 0.207368 0.258862 0.704449 0.847157 -0.925099 -0.974001 -0.868002 0.606915 0.770543 
-0.116296 -0.872472 -0.455293 0.136976 -0.522958 0.712057 -0.851373 -0.79403 0.337963 -0.701363 
-0.211555 0.50267 0.102337 0.69977 -0.790462 0.945586 -0.366169 -0.579072 -0.867688 -0.924558 
-0.334863 -0.269168 0.551229 0.663708 0.936062 -0.0951201 -0.770908 1.02443 -0.724861 -0.610734 
-0.136587 0.734618 -0.934029 -0.764623 -0.327746 0.363328 -0.979704 -0.571355 0.461058 0.773012 
-0.764829 -0.540292 -0.0734082 -0.322623 -0.045915 0.363363 -0.135201 0.723168 0.206224 -0.629988 
-1.00094 0.524318 -0.962749 0.103455 -0.260264 -0.083882 -0.286008 0.0581237 0.516971 -0.0429421 
-0.641786 -0.222837 -0.32504 -0.367908 0.393604 -0.102394 -0.673119 -0.331303 -0.358494 0.481274 
0.425863 -0.325701 -0.390038 0.0785674 0.220226 -0.556449 -0.538328 1.05559 -0.695608 -0.397792 
0.0878928 -1.12378 0.150787 -0.206502 -0.153852 -0.535417 0.704221 0.490312 0.170214 -0.561296 
0.23647 0.112591 -0.447812 -0.935734 -0.031676 -0.77903 -0.568586 -0.604861 0.435592 -0.207663 
-0.127957 -0.118769 0.298476 0.116461 -0.976147 -0.869627 -0.195598 1.2457 -0.19022 0.198507 
-0.679875 -0.871841 -0.741828 -0.773193 -0.862934 -0.199582 -0.290919 -0.303693 -0.875297 -0.020238 
-0.562021 0.740854 -1.12283 -0.846072 0.804421 -0.534849 -0.896328 -0.149711 0.21181 0.0288041 
0.937035 0.196679 0.533779 0.936211 -0.212574 0.334452 -0.177837 -0.244721 0.354508 0.471859 
-0.632213 -0.537588 0.228483 -0.738905 -0.269865 -0.303521 -0.828155 1.22654 -0.596252 -0.801583 
0.00221536 -0.817031 0.462965 -0.0807933 0.743914 -0.320391 -1.20597 -0.654322 -0.503155 -1.08784 
-0.109727 -0.551192 0.0110036 1.03445 -0.342907 0.424142 0.30746 0.404805 -0.384901 -0.0513195 
0.510591 -0.981044 0.254373 -0.322243 0.0324635 -0.210824 -0.0250857 -0.519574 0.0244648 0.227024 
-0.102369 -0.66611 0.335025 -0.144475 -0.748183 -0.739683 0.521897 0.953036 0.213539 0.0156107 
0.33718 0.128995 0.810361 -0.383524 0.573009 0.795309 -1.24642 0.820738 -0.947997 -0.580783 
0.67735 0.575579 -0.718165 0.22775 -0.735033 -0.332009 -0.201776 0.0108075 0.474631 0.477962 
0.37876 0.42932 -0.607481 -0.863991 -0.559628 0.19342 -0.617124 -0.625517 0.067648 0.621776 
-0.200341 -0.731194 0.318528 -0.204234 0.154766 -0.981421 0.599301 0.323012 -0.303066 -0.505476 
-0.43325 0.217609 0.16253 0.0752315 -0.687317 -0.158436 -0.541344 -0.591034 -0.861558 0.969247 
0.948375 0.831917 -0.694364 -0.435451 0.761727 0.47367 0.664037 0.964241 0.143775 0.045384 
-0.294197 -0.492435 -0.285169 -0.571017 0.0659986 0.689005 -0.338553 0.770321 0.540975 -0.742035 
-0.369006 0.571971 -0.48603 -0.0340078 0.987923 -0.83 -0.832 -0.799806 -0.345002 0.849318 
0.443744 -0.0632624 -0.722218 0.404374 0.424713 -0.687143 0.522993 -0.617236 0.326933 0.0683398 
0.458871 -0.827382 0.933183 0.0951678 0.583044 0.416079 0.461902 -0.804758 -0.874254 -0.419151 
0.484722 0.211311 -0.596645 0.369084 0.852981 0.29757 -0.513685 -0.086113 -0.777937 -0.178695 
0.858091 -0.485722 -0.878529 0.800774 0.568969 0.442655 0.33598 0.571459 0.101558 0.178653 
-0.910842 -0.921087 -0.488287 -0.403447 0.688408 0.503431 -0.578391 -0.046034 -0.766479 0.439132 
-0.065371 0.302127 -0.129399 0.718961 0.833378 0.618934 -1.10184 -0.461839 -0.724442 -0.707589 
-0.0354173 -0.993828 -0.563251 -0.381882 -0.578864 -0.320686 0.446363 -0.57747 0.352727 -0.312118 
0.136546 0.182273 -0.030531 -0.935899 -0.438451 0.686391 -0.0807959 -0.644206 -0.945855 -0.871725 
-0.116799 -1.00383 -0.427582 -0.451 0.743791 -0.046706 -0.693929 0.623977 -0.809071 -0.519381 
0.470901 0.133626 0.272771 -0.429359 -0.268243 -0.174949 0.917902 -0.378457 0.51561 -0.540879 
-0.0380954 0.147611 0.522909 -0.401253 0.0643914 0.148544 -0.359242 0.507904 0.311899 0.363887 
0.921764 -0.228892 -0.221359 0.0237184 0.201725 0.683484 -0.178358 -0.128602 -0.61987 -0.657894 
0.105828 0.57034 0.573135 -0.749657 -0.476809 -0.146 -0.339127 -0.250178 0.886155 -0.493827 
0.0118456 -0.436533 0.526885 0.82818 0.690279 -0.885607 -0.385365 0.713995 0.431928 -0.254621 
-1.00812 0.7808 0.20763 -0.542196 0.0674304 -0.889054 0.0983771 0.19429 -0.906973 0.0532657 
-0.785279 -0.158114 0.287719 1.0876 0.663407 -1.00895 -1.03272 0.690577 0.270405 -0.922562 
0.620807 -0.161023 -0.691519 -0.503167 -0.371434 0.581873 -0.661088 -0.610566 0.252834 0.587819 
0.200791 0.363027 -0.31977 -0.373892 -0.54965 0.338649 0.0157265 0.769248 -0.790026 0.560945 
1.03094 0.608129 0.636272 0.375411 0.942863 -0.240557 -0.762925 0.610255 -0.784875 -0.881862 
-0.388537 0.59643 -0.0966704 0.830769 -0.938519 0.484783 -0.77259 -0.519983 0.310095 0.982805 
0.0751742 -0.17588 0.300741 -0.933598 -0.429403 -0.865668 -0.481013 0.566565 -0.409224 -0.482466 
-0.116166 -0.388337 0.360146 -0.217355 0.545914 0.406877 -0.430976 1.0081 -0.618787 -0.916106 
0.779133 0.327952 0.879536 0.724894 0.874871 -0.949455 -0.0406052 0.0486726 0.954485 -0.531474 
0.587819 0.171978 0.372606 0.00014555 -0.27741 -0.705873 0.846807 -0.0886829 0.0499948 -0.0466378 
-0.844082 -1.00364 -0.754732 -0.0818214 -0.123238 0.140443 -0.242706 0.793708 0.0781219 0.894965 
-0.722762 0.248415 0.977406 0.298385 -0.678393 -0.0977987 0.588402 -0.635106 -0.34841 -0.2748 
0.732945 -0.562037 -0.726015 0.225984 -0.537002 -0.865999 -0.0286266 -0.65261 -0.546993 0.502491 
-0.693009 0.517993 -0.667005 0.436991 -0.305023 0.178995 -0.339 0.144544 0.658999 -0.039153 
0.906719 -0.423983 0.471338 -0.355618 0.590566 -0.0280499 -0.372275 -0.795912 -0.189078 0.529661 
0.829875 0.228772 0.714748 0.528434 -0.0448422 -0.842536 0.748185 -0.344067 0.295279 0.700442 
0.105306 -0.474698 -0.596115 -0.0156909 0.442852 -0.432011 0.679387 -0.351284 -0.463539 -0.37322 
-0.922636 -0.126794 -0.65005 -0.0565927 -0.0029585 -0.396622 -0.19139 0.718498 0.603212 0.771328 
-0.284226 0.131634 -0.871162 0.562007 -0.868226 0.285997 0.762852 0.946795 0.711049 -0.179282 
0.354268 -0.270861 0.0822485 -1.03766 -0.331305 -0.527772 0.166847 -0.707569 -0.876599 -0.0221318 
-0.665003 0.197404 0.528955 0.663614 -0.384419 -0.907745 0.0720515 0.771828 -0.572946 0.708595 
0.274861 -0.690259 -0.914959 -0.0738199 -0.237567 -0.918559 0.199746 -0.190554 0.566672 0.168444 
-0.349832 -1.16332 -0.87283 -0.364682 0.528029 0.564805 -0.364226 -0.0457587 -0.517888 0.411203 
0.0276384 0.188758 -0.426095 -0.215149 0.199863 0.0499165 -0.314941 -0.689285 -0.0302062 0.594693 
0.819857 -0.0599703 0.773232 -0.777632 -0.788069 -0.953406 -0.62398 -0.144968 0.303569 -0.250094 
-0.0913876 -0.729758 -0.717525 -0.428745 -0.925982 0.0502942 0.709887 0.443602 -0.871482 0.044579 
0.443195 0.243117 0.110544 0.976903 -0.660212 0.349092 0.332051 -0.22884 0.152844 0.31385 
-0.999667 -0.305162 0.406309 0.45412 -0.299503 -0.323539 0.305868 0.649203 -0.892368 0.244234 
-0.93625 -0.235295 0.222387 0.456986 0.252486 -0.289485 -0.777172 0.184482 0.403262 0.300396 
-1.06659 0.339859 -0.285774 0.575552 -0.945549 -0.382246 -0.0788425 0.543425 -0.403538 0.666216 
-0.452504 -1.02563 -0.605263 0.732754 -0.883689 -0.997221 -0.220515 0.488099 -0.327555 0.270388 
0.186482 0.500714 0.644237 -0.153399 -0.31989 0.014987 -0.7726 0.866848 0.454841 0.028437 
0.52238 -0.865967 0.739148 1.11365 -0.612108 -0.231444 -0.795174 0.151945 0.780912 0.579749 
-0.323912 -0.842604 -0.752732 -0.870731 0.103305 -0.532214 0.104615 -0.514443 -0.110021 0.382025 
0.484843 -0.99311 -0.0649488 0.155335 0.502008 -0.905641 -0.565637 -0.308197 0.501633 -0.157206 
-0.727684 0.064938 -0.00432301 -0.0206064 0.184759 0.908562 0.677663 -0.261702 -0.524778 -0.969819 
-0.534576 -0.784445 -0.642542 -0.194916 -0.562604 -0.295596 -0.0180672 0.216415 0.52056 -0.974267 
0.432903 0.778826 -0.983587 -0.29934 0.0989127 -0.207879 0.838617 -0.841586 0.0108532 0.304592 
0.0365548 0.751379 -0.418113 -0.602831 0.134696 -0.641553 -0.959666 0.26627 -0.664261 0.77223 
0.872305 -0.595374 -0.70498 0.685779 -0.597119 -0.747781 0.708002 0.0323796 0.28387 -0.572762 
-0.32307 0.96012 -0.899022 -0.0510148 -0.636007 -0.615006 0.625849 0.156345 -0.263 -0.159413 
-0.0620071 0.592993 0.0959995 0.0329915 -0.507 0.767995 0.872999 0.935186 0.109 -0.90408 
-0.619088 0.560961 0.738788 0.583032 0.923832 -0.50113 -0.269143 0.853973 0.441774 -0.39825 
-0.154195 -0.713173 -0.961239 -0.234397 0.22403 0.587662 -0.533334 -0.895167 0.398218 0.139785 
0.587171 -0.0621626 0.459853 -0.079574 -0.634213 0.754959 0.674004 0.0598947 -0.774092 0.272717 
0.314285 0.467039 0.170861 -0.807129 0.679919 0.971393 0.566775 -0.00341818 -0.822435 -0.759971 
-0.545891 0.500173 -0.667883 -0.845662 -0.465354 0.614355 0.0492214 -0.868013 0.756822 0.751534 
0.31171 -0.214625 -0.125855 0.117372 -0.341915 0.673948 0.274208 1.02314 -0.465512 0.0518849 
-0.105151 0.177781 0.203856 -0.512295 -0.698096 -0.640751 0.508589 -0.413793 0.222772 0.262753 
-0.640293 0.170302 0.00595605 -1.23612 -0.119916 0.509123 -0.823705 -0.674308 -0.33448 0.504896 
0.132141 -0.688548 0.264846 -0.146564 0.782075 0.0118536 -0.492105 -0.783035 -1.07363 0.480687 
-0.0285427 -0.742701 -0.172601 0.273772 0.236055 -0.410937 0.750801 0.639017 0.0472013 0.720443 
0.483914 -0.122558 0.382479 -0.822417 -0.698844 0.251771 -0.0807535 -0.879025 -0.650554 -0.955167 
0.188338 -0.461586 -1.12662 0.317246 -0.335812 -0.822142 0.65012 -0.349309 -0.690293 -0.3174 
0.0378566 1.05411 0.581839 -0.290198 -0.602617 -0.917212 -0.228102 -1.14806 0.644883 -0.359997 
-0.23668 0.708896 0.269793 -0.395558 -0.947828 -0.996679 0.0370852 -0.649726 0.563666 0.731562 
0.163706 0.515345 -0.600873 0.854515 -0.0577083 0.347218 -1.01468 -1.21155 -0.887482 -0.805869 
0.201893 0.724717 -1.05261 0.556041 -0.357886 0.645469 -0.331093 0.144416 0.444823 0.206994 
-0.558496 0.451558 0.0453419 0.633896 0.473269 0.402474 0.21911 0.556223 0.121567 0.220891 
-1.0765 -0.702635 -0.904187 -0.347725 0.183346 0.680083 0.202325 0.903728 0.617724 0.201319 
0.489821 0.304606 -0.344597 -0.910363 0.897702 0.742245 0.269641 -0.579436 -0.496309 0.95786 
0.364019 -0.536103 -0.912617 -0.881279 -0.955441 -0.205051 0.502525 0.629848 0.269541 0.369391 
0.618698 0.789527 -0.48416 -0.324373 -0.466502 -0.425048 -0.203389 0.845196 -0.26075 0.729221 
0.88246 -0.975384 -0.937767 -0.578117 0.877592 -0.218534 0.923379 0.16376 0.125041 -0.244045 
-0.0166969 0.339213 0.435376 0.0648254 -0.186769 -0.584992 0.747663 0.162909 -0.0603607 -0.485782 
-0.705676 -0.0603218 0.38862 0.575114 -0.972699 0.124494 -0.956471 0.495279 -0.610756 -0.519911 
0.633087 -0.94676 0.517531 -0.810462 -0.470487 -0.382243 0.13631 -0.945094 -0.0106419 -0.720451 
0.740384 -0.56103 0.301101 0.492897 0.927136 -0.731019 -0.616755 0.0324706 -0.569138 0.591363 
0.134547 0.0260807 0.841964 0.0799806 -0.384009 -0.0390074 -0.283543 0.906991 0.919984 0.244662 
-0.834 -0.878998 0.781999 -0.218001 0.00599864 -0.509 0.869999 -0.385 -0.805 0.142925 
0.762966 -0.229017 0.591966 -0.0665569 0.218895 0.411772 0.880612 0.469044 -0.279367 -0.0499017 
0.319503 0.827855 -0.770383 -0.572583 0.425862 0.69873 -0.847088 -0.837628 0.792665 0.0322531 
0.243412 -0.616793 -0.281936 -0.856045 -0.610892 -0.924512 -0.795901 0.219346 -0.345358 -0.809489 
0.701439 -0.754364 0.0533189 -0.435421 -0.910771 -0.374325 -0.228702 0.414726 -0.31584 0.194005 
0.538363 0.0978413 -0.724195 -0.014346 -0.982412 -0.505644 -0.90292 -0.168362 -0.107529 0.0393825 
-0.521534 0.611898 0.871389 -1.00048 0.0686228 -0.29616 -0.17947 -0.578589 -0.265476 -0.410329 
0.591699 -0.235517 -0.0329966 -0.719727 -0.202277 0.684761 0.74967 0.122327 0.778156 0.825504 
0.80083 0.716487 -0.524553 -0.671784 -0.451286 0.834752 0.360016 -0.604791 0.29655 0.515692 
0.858033 -0.0766307 -0.826842 0.0429912 -0.258125 0.738781 -0.0369785 0.00253983 0.739851 0.216564 
-0.629367 -0.986322 -0.0235377 -0.651441 0.590026 -0.673616 0.636517 0.395607 -0.288474 0.91446 
0.21221 -1.16027 0.460033 -0.565274 0.257565 0.757956 0.826387 -1.29318 -0.118564 -0.7059 
-0.483669 -0.73385 -0.797705 -0.364926 -0.933457 -0.519622 -0.597386 -0.683078 0.617648 -0.735447 
0.528324 0.0896817 -0.812691 1.20403 -0.663299 0.636877 -0.00776619 -0.0856467 -0.809382 -0.566837 
-1.3338 1.03783 -0.226728 0.447563 -0.356588 -0.928638 -0.493095 0.00669482 0.337984 0.965161 
-1.47106 0.392276 0.685912 -0.949206 -0.908091 -0.705853 1.06995 -1.02451 -0.34668 -0.278523 
-0.391104 0.372678 -1.0633 0.546415 -0.889933 0.746657 -0.0323505 0.379969 -0.0880189 -0.0376526 
-0.657092 -0.189018 0.100891 0.355001 -0.746324 -0.767113 -0.444184 0.71207 -0.717929 0.523111 
-0.720166 -0.148805 -0.464899 -0.844671 -0.239457 -0.437435 0.448787 -0.56812 0.76664 -0.803162 
0.543278 -0.8824 0.816342 0.865287 -0.920751 -0.804674 -0.388754 -0.383075 0.38751 -0.298459 
-0.626905 -0.11701 0.742201 0.418363 -0.170854 -1.04141 0.706268 -0.564342 0.183287 -0.101172 
-0.170262 -0.732648 -0.553696 -0.893847 0.527423 -0.0639289 0.882935 0.535305 -0.0296889 -0.982544 
0.978792 -0.290231 0.30466 -0.140411 -0.936854 0.26622 0.290064 -0.781941 0.113284 -1.02433 
0.773416 0.769406 -0.551437 -0.612266 -0.251948 -0.634367 -0.105841 -0.838466 -0.748017 0.612951 
0.737981 0.501925 -0.188987 -0.366227 -0.373226 -0.680531 0.842504 -0.310007 -0.705514 -0.743613 
0.949143 -0.512865 0.165964 0.956682 -0.875964 0.533505 0.756656 -0.152077 0.996171 0.719788 
0.508654 -0.933007 -0.733239 -0.160701 0.379072 -0.0450389 -0.98159 0.659498 -0.568656 -0.773573 
-0.840567 -0.861002 -0.33385 -0.763081 -0.952017 -0.152002 -0.597016 0.0479095 0.564928 -0.779086 
-0.867 0.174997 -0.759001 -0.48633 -0.853 0.362 0.953997 0.676 0.454 0.657997 
0.720915 -0.216005 -0.312011 -0.53453 -0.883096 -0.144108 -0.82001 -0.570123 -0.463189 0.628313 
-0.612155 0.843036 0.00324984 -0.900459 0.385888 -0.0802368 0.986944 0.140725 0.0513348 0.577176 
0.508996 -0.633192 0.47036 0.191884 -0.0396545 -0.822973 -0.0238957 0.990296 -0.180664 -0.613756 
0.0505764 -0.410827 -0.103273 0.638222 -0.476543 -0.508375 0.427216 -0.978848 0.91315 -0.0611502 
-0.190412 -0.00246354 -0.953599 0.604166 -0.266673 -0.753561 0.0361698 -0.0576921 0.642751 -0.157217 
0.842109 -0.245565 0.451207 -0.944107 0.7238 0.363923 -0.373451 -1.03628 -0.161394 0.168427 
-0.0685836 0.475882 -0.513147 0.13413 -0.549259 0.0478655 0.666856 0.833389 -0.528534 -0.546827 
0.292971 0.109106 -0.97615 0.292732 -0.831882 -0.797919 0.185613 -0.126243 0.344567 0.314666 
-0.180189 -0.0458401 -0.173987 0.468174 -0.106959 0.120653 0.37596 -0.188177 0.104916 -0.174901 
-0.779307 0.0270227 -1.07904 -0.649948 -0.24096 0.674016 0.535216 -0.732184 0.527896 0.918919 
0.719596 -0.0391198 0.670589 0.897904 -0.0343172 0.41785 -0.306465 -0.666351 0.0451227 -0.380202 
-0.776296 -0.277433 0.758243 -0.701663 -1.10345 -0.189944 -0.0656392 -0.473739 0.371651 -0.227293 
-0.850646 -0.292043 -1.03618 0.825788 0.563092 0.0746923 0.317232 -1.1053 0.664978 -0.338739 
-1.38282 0.40732 -0.0748727 -0.368716 -0.507898 0.128234 -0.648602 -0.472235 -0.574299 -0.25989 
0.284764 -0.0875837 0.312853 -0.203494 0.317046 0.0177847 -0.590115 -0.704894 -0.904738 1.07392 
-0.642237 -0.992175 -0.0543189 0.0621266 0.234108 0.152109 0.380644 -0.260894 -0.381256 -0.299175 
0.367227 -0.786208 -0.593387 0.0508744 -0.626523 -0.982005 -0.260039 -0.157427 -0.996926 -0.0182368 
-1.01137 -0.178363 -0.151823 -0.0554194 -0.80766 -1.02015 -0.643789 1.21431 -1.08484 -0.196889 
-0.79301 0.00973747 0.0833986 0.171376 -0.231436 0.439328 1.03476 -0.0269429 -0.848502 0.804628 
-0.0197021 -0.0251227 0.928187 -0.664771 0.102994 0.878044 -0.58038 0.691371 -0.908993 -0.905441 
-0.298028 0.434027 -0.834634 -0.144854 -0.875913 -0.856268 -0.193216 -0.256615 0.219372 -0.0377759 
-0.388599 0.440933 0.730286 -0.973806 -0.333586 -0.632304 -0.47595 -0.136687 0.0258733 -0.929543 
0.327305 -0.920557 -0.868622 0.685007 0.96567 0.8375 0.114205 -0.218794 -0.129085 0.23471 
-0.35 0.284331 -0.508744 0.59762 0.831442 -0.393231 -0.562764 0.93033 0.492062 0.437834 
-0.545267 -0.172761 0.0283761 0.349967 -0.0489483 -0.504864 0.646943 0.182342 0.596356 0.543365 
0.0262337 -0.897963 0.945547 -0.5257 -0.777777 0.080957 -0.811824 0.622339 0.631418 -0.657742 
-0.398258 0.368999 0.282016 0.988942 -0.563 0.599 -0.965304 0.178999 0.653993 -0.348 
0.399 -0.650001 -0.868001 -0.0551088 0.293 0.871 -0.351001 -0.409985 0.204 -0.823001 
0.705 0.318994 -0.250006 -0.471956 -0.771961 0.721995 0.667997 -0.215 0.773983 0.183998 
-0.349238 -0.115466 0.0362849 -0.0832108 0.190381 0.680803 0.0739861 0.760587 0.849413 -0.456132 
0.241505 -0.575857 -0.768155 0.422259 0.164218 0.815416 0.53735 0.345692 0.258441 -0.551865 
0.808969 0.446544 0.590529 0.363522 0.948003 0.491226 -0.797085 -0.604016 0.235946 0.920538 
0.728047 0.537258 0.408703 -0.319175 -0.37293 -0.919551 0.195685 -0.46115 -0.0318785 0.185658 
0.271425 -0.748379 -0.496856 -0.345049 0.678257 0.42172 0.255217 -0.236809 0.0264265 0.591296 
0.187505 -0.360479 0.273861 -0.0622998 0.645878 0.833182 -0.629219 -0.899061 0.116393 0.686172 
-0.112257 -0.344423 -0.728059 0.0395258 -0.181909 -0.484996 0.155608 0.0595072 0.0326703 0.7248 
0.487619 -0.589036 -0.316569 -1.04295 -0.714783 0.59737 -0.697972 -1.13062 0.399038 0.489186 
0.367204 -0.278541 0.0338442 0.72198 -0.325495 -0.104835 -0.729088 -1.16249 -0.827592 -0.48554 
-0.294597 -0.490092 -0.948875 -1.00776 0.436832 -0.584599 0.945515 -0.148441 -0.684762 0.0544814 
0.144061 0.487959 0.628738 0.286899 0.883235 0.335049 0.307703 -0.648482 0.262735 -0.0256903 
0.212899 -0.108114 -0.174234 0.122265 0.634228 0.055543 0.112927 -0.0809586 -1.05267 0.611398 
-0.0312525 0.227886 -0.173354 0.301077 -0.590958 -0.0842052 0.11457 -0.8911 -0.867144 -0.805971 
-0.861321 0.202971 -0.317731 -0.602011 0.380519 -0.0298031 -0.477159 0.128558 -1.06057 -0.946508 
-1.07703 -0.482398 0.363985 0.584816 0.789183 0.444078 0.722846 -0.461244 0.0350263 0.78531 
-0.809699 -0.181431 0.132456 0.696126 0.312763 0.0417447 0.535941 -0.412257 0.0528603 -0.0926139 
-0.879687 -1.10996 0.719831 -0.392777 0.657985 0.763649 0.0867667 -0.493149 0.402456 0.811999 
0.06107 0.365616 0.0555711 -0.0849021 0.114272 -0.136774 -0.309948 0.736824 -0.586865 -1.10802 
-0.269484 0.319615 -0.650238 1.11742 -0.488148 -0.0950087 -0.59588 0.904178 -0.505953 -0.428835 
0.94185 -0.204803 -0.632479 -0.887797 -0.389479 0.723668 1.05071 0.364393 -1.02496 -0.105735 
-0.472353 -0.484786 0.993675 -0.471176 -0.984449 0.675003 0.822955 -0.89742 0.261286 -0.629272 
-0.87133 0.241865 -0.169958 0.324045 0.532705 -0.495716 0.0970296 0.700341 -0.152499 0.161821 
0.571628 -0.122614 -0.629423 0.465653 0.593028 0.772073 -0.746674 -0.0248665 -0.318687 0.343216 
0.581257 -0.806426 -0.337334 0.115265 -0.902851 -0.242264 -0.158297 -0.557571 -0.911462 0.47919 
-0.365378 0.61969 0.48625 -0.853853 0.962628 0.485939 0.257428 -0.0570378 0.465537 0.472828 
0.444746 0.787834 0.349017 0.826999 -0.0460054 0.503995 0.278924 -0.754008 0.756994 0.284995 
-0.886001 -0.650001 -0.168005 0.672996 -0.057 -0.688 0.232 -0.116912 0.239 0.768 
-0.411001 0.683041 -0.791006 0.987034 -0.205003 0.245 0.911967 -0.361002 -0.0650076 -0.752001 
0.478912 0.207762 0.229833 0.96155 0.601089 0.939917 -0.957048 0.717765 0.411712 -0.623216 
-0.398237 0.46576 0.982662 0.901274 0.685633 -0.281796 -0.750452 -0.305815 -0.564727 -0.402448 
-0.760431 0.902139 -0.349904 0.0459816 0.0318381 0.687604 0.275487 0.852696 0.349552 0.569416 
0.180925 0.912635 0.511079 -0.255887 -0.430192 0.515737 -0.865404 0.602738 0.478072 -0.25855 
0.726361 -0.400071 -0.851851 0.596364 0.948968 -0.207513 0.0814719 0.217283 -0.891052 -0.95704 
1.02797 -0.0755678 -0.301917 -1.06265 -0.22648 0.622095 -0.11399 -0.599143 0.0423578 -0.382909 
0.111853 0.656553 0.737648 0.00951505 -0.667627 0.507327 0.43654 -0.151304 -0.954879 0.184211 
-0.242096 -1.09075 0.429854 -0.313858 0.230668 0.383467 0.764324 -0.323818 -1.04104 -0.153609 
0.473988 -0.953265 0.484264 0.202035 0.437694 -0.346404 0.512877 -0.0379242 0.394556 -0.219909 
-0.873821 -0.639892 0.348295 -0.197798 -0.770791 -1.05935 -0.757822 -0.921347 0.062716 0.741242 
-0.647505 -0.276291 -0.555909 0.0320956 -0.553161 0.0344212 0.128254 -0.585957 0.429374 -0.00117431 
-1.64201 0.224255 -0.333285 -0.381964 -0.515413 -0.74342 0.378993 0.366148 -0.312297 0.288874 
-1.62956 0.501722 0.696199 -1.20162 0.0342943 -0.870902 0.387943 0.186765 0.0234399 0.0396566 
-1.2669 -0.623245 0.00684065 0.716041 0.696933 -0.335995 -0.772365 -0.212028 -0.075437 0.648473 
-1.01804 -0.0878253 -0.114022 -0.398349 -0.451558 -0.364669 0.200329 0.622121 -0.243865 -0.528381 
0.278396 0.475234 -0.952432 0.45152 0.511338 -0.158956 -0.648377 -0.339231 0.467107 0.826502 
-0.199488 0.147052 0.872519 0.771774 -0.311566 -0.77597 0.015168 -0.633909 -0.224459 -0.609812 
-0.154638 -0.480818 -0.603574 -0.251876 0.881904 -0.276736 -0.438685 -0.350755 0.712093 -0.675661 
0.610864 -0.522061 0.34713 -0.184968 -0.520518 -0.191859 0.690803 -0.352423 -0.0739341 -0.667909 
-0.705476 0.0307979 -0.0610505 0.348251 -0.504291 0.257911 -0.35892 -0.2865 -0.690831 -0.533229 
-0.635242 -1.0374 -0.724016 0.375688 0.717129 -0.614048 -0.699714 0.0747324 -0.191928 -0.45982 
-0.506473 -0.89505 -0.419903 0.554878 -0.298582 0.255641 0.688173 -0.493091 0.349157 -0.820938 
0.818007 -0.650778 0.293167 0.16518 -0.55418 -0.931432 -0.896522 -0.704734 -0.0119994 0.358648 
0.728939 0.548812 -0.490716 -0.71273 0.727416 -0.926455 -0.22276 0.438609 -0.806931 -0.527687 
-0.343461 -0.3271 0.0495254 0.357452 -0.720827 -0.51316 0.738754 0.71263 -0.987675 -0.549118 
-0.830517 -0.0221862 -0.233997 -0.296001 0.415992 -0.351013 -0.626446 -0.163016 -0.463011 0.458988 
-0.568 -0.045 -0.895 -0.474 0.937 0.366 0.914 0.155 0.29 -0.554 
-0.818005 0.635091 -0.907009 0.936142 0.845999 0.237992 0.455978 -0.596963 0.713973 0.599 
-0.960267 -0.0752409 -0.926102 -0.667338 -0.656028 0.862859 0.748752 0.275704 -0.403512 -0.666297 
-0.381137 -0.581976 -0.957151 0.284002 0.58494 -0.241943 0.258147 0.166322 0.134219 -0.309659 
0.440603 -0.559874 -0.732583 -0.241611 0.654105 -0.978955 -0.235984 0.0628648 -0.729407 0.0271156 
0.666633 -0.535167 -0.2472 0.079105 -0.409632 -0.635975 -1.01511 0.101651 -0.478108 0.872196 
0.587426 0.298183 -0.995881 -0.4041 -0.130953 -0.889905 0.614335 -0.111359 0.692129 -0.592265 
-0.66898 -0.656808 -0.884922 -0.839836 0.396464 -0.594969 0.4059 0.033876 0.757327 -0.508247 
0.396858 -0.210055 -0.638412 -0.122727 0.725414 -0.459116 -0.752125 -0.834268 0.102038 0.630039 
0.946403 -0.316657 -0.789792 -0.824915 0.680189 -0.911069 0.776381 -0.00182083 0.687585 -0.280725 
0.104475 0.652942 -0.0400171 -0.524329 0.273696 0.593177 -0.0133086 0.577284 0.684346 -0.320937 
0.114441 -0.00408528 0.433458 -1.18055 0.0609025 -0.10523 0.600296 -0.608596 0.279506 -0.188087 
0.09393 0.586642 -0.436963 -1.1944 0.672866 0.538265 -0.23694 -0.190774 -0.741363 -0.361978 
-0.00118383 0.715102 0.17809 -1.36125 -1.03487 -0.640763 -0.0260265 -0.892811 0.108352 -0.0500739 
0.161951 0.670081 -0.653776 0.0328056 0.214228 -0.660472 0.338782 -0.132867 -0.0907713 -0.629502 
-0.724407 -0.295825 0.333109 -1.14414 -0.392897 -0.326859 -1.15076 0.00316361 -0.080214 -0.643481 
0.428313 0.132979 -0.00281827 -0.750626 -0.26701 -0.174562 0.14782 -0.289481 0.813856 -0.68237 
-0.148046 -1.15659 0.0762891 0.654274 0.21267 0.198089 0.39797 1.07234 -1.11607 0.445848 
-0.636638 -0.957206 0.690493 -0.534491 -0.0295791 -0.0940526 -0.237225 0.220022 -0.21669 -0.679134 
0.321129 -0.436766 -0.232969 0.0649556 -0.871152 0.464446 -0.471496 0.931795 0.522345 -0.0648179 
0.733717 -0.452368 0.445085 0.241669 -0.431418 0.344201 0.735214 -0.665634 0.0958439 -0.587109 
-0.811884 0.864036 -0.560347 0.248462 -0.66036 -0.299549 -0.418152 0.618127 -0.705786 -0.893737 
0.889601 0.199024 -0.993947 0.697235 -0.313571 0.313184 0.850394 -0.499866 -0.591922 0.421813 
0.82309 0.254003 -0.877109 -0.442123 -0.532164 -0.321101 -0.711007 -0.45585 -0.518829 0.450178 
-0.802973 0.720913 0.55438 -0.203872 0.507875 0.221465 0.39262 -0.408682 0.72242 -0.186507 
0.870524 -0.267036 0.968575 -0.908834 -0.73727 0.878684 0.778955 -0.292961 -0.494337 -0.527276 
0.853087 -0.818201 -0.878335 -0.894242 -0.414149 0.986664 0.346769 -0.510311 -0.0283086 -0.482866 
-0.927616 -0.647067 0.281142 -0.338 0.995987 -0.787013 0.449276 0.114999 -0.196106 0.784556 
-0.667 0.563987 -0.496009 -0.163004 0.453 0.783997 -0.667002 -0.0278852 -0.0790002 0.544003 
0.369998 0.257012 -0.912006 -0.870739 -0.703 0.33999 0.922999 0.901024 0.342979 0.875997 
0.728466 0.499606 0.647654 0.627605 -0.747247 -0.689366 0.692341 -0.667811 0.450034 0.81249 
0.559012 -0.791692 0.21221 -0.0879717 0.835199 -0.752181 -0.100521 -0.865494 0.201874 0.444503 
0.136868 0.526856 0.536517 -0.338166 0.340088 0.10153 -0.227485 -0.0342417 -0.262847 0.296323 
-0.377003 0.244593 0.436485 0.875861 -0.438347 -0.362187 -0.66657 0.337513 0.764919 -0.337612 
-0.385242 -0.145374 0.542902 0.929733 -0.025816 -0.0410497 0.297279 0.0221313 -0.338822 -0.026365 
0.651817 0.0166873 0.526751 -1.00148 0.188961 -0.358049 -0.303772 -0.898084 0.560946 0.298717 
1.09004 -0.850073 -0.378878 0.48055 0.589593 -0.0598577 0.743926 -0.784282 -1.01847 -0.995397 
-0.311916 0.565354 0.161061 0.00704099 0.331758 -0.0940631 -0.700892 -0.360336 0.106224 -0.389349 
-0.0944348 -0.491544 -0.945545 -1.43576 -0.807896 -0.663875 1.19335 -0.0747567 -0.257539 -0.149418 
0.0816278 0.359619 -0.238181 -0.990387 0.751412 -0.243229 0.389529 -0.539108 0.387806 0.721784 
-0.0519369 0.519999 -0.539273 -1.27702 0.065174 -0.624914 -0.212992 -0.208205 -0.365278 -0.291657 
-1.2516 -0.0988264 -0.021493 0.0872141 -0.911959 -1.01636 0.350656 -0.245844 -0.290076 -0.208971 
-0.791743 0.682972 -0.538488 -1.21361 -0.716733 0.173847 -1.12563 -0.195837 -0.684398 -1.07097 
-1.11751 0.576887 0.0632873 -1.23661 -0.909368 -0.0145588 0.204391 -0.268509 0.292303 0.824534 
0.0531283 -0.773074 -0.435767 -0.940794 0.0436453 0.722358 5.26946e-05 -0.072372 -1.0302 -0.437899 
-1.17353 0.21543 -0.29409 0.198081 -0.599986 -0.0113361 0.069436 -0.165109 -0.81591 0.0692161 
-0.0917237 -0.560843 -0.343853 0.530673 0.393157 -0.431622 0.239379 -0.134195 0.706033 -0.223344 
-0.350942 -0.0388481 -0.576389 -0.323309 -0.61815 -0.343584 0.0682137 -0.884269 -0.34406 0.547108 
-0.396747 0.0427221 -0.470324 -0.404903 -0.71274 0.576865 0.259958 -0.107996 -0.431395 0.553928 
0.366539 0.0953653 -0.160035 -0.889499 0.142796 0.20492 0.461703 0.396027 -0.211971 -0.774723 
-0.63818 -1.05682 -0.925596 0.288659 -0.141768 -0.82084 -0.682622 -0.077367 -0.677594 -0.418213 
-0.970059 0.636565 0.166034 0.572807 -0.90936 0.317675 -0.667404 -0.5114 0.780013 0.435636 
-0.287359 0.406653 0.813634 -0.828854 -0.782862 -0.847332 0.832101 0.643994 0.829335 0.857519 
-0.191789 -0.430937 -0.10199 0.198855 -0.630864 0.980221 -0.402752 0.18356 0.580859 0.88628 
0.413833 0.618515 0.719193 0.664823 -0.782306 0.990615 -0.0540944 0.565382 0.10251 0.276824 
-0.503792 -0.132239 0.345056 -0.897003 0.429952 -0.9801 -0.976576 0.534 0.820818 0.831784 
-0.765 -0.712987 -0.607 -0.173001 0.348 -0.376 -0.308 0.918 -0.2 0.244 
-0.568999 0.0860585 0.694965 0.508519 0.752996 0.596989 0.191997 0.121196 -0.181068 -0.0935046 
0.067877 0.021495 -0.439522 1.01682 -0.948795 0.252213 0.522167 -0.0347891 -0.0457678 -0.0212319 
0.0179972 -0.54285 0.525455 -0.582179 0.806679 0.231076 0.940727 -0.394012 0.671935 0.87264 
-0.901715 0.243832 0.297203 0.362758 0.740949 -0.550264 -0.206106 0.0946322 0.629708 -0.321366 
0.634246 -0.0259756 -0.385572 -0.334831 -0.117011 -0.857804 -0.953842 -0.338756 -0.220345 0.558026 
-0.596586 -0.106108 -1.02123 -0.397727 0.314762 -0.902905 -1.07905 -0.789719 0.593033 -0.273639 
0.323723 -0.411631 0.215805 -0.0208101 -0.734591 0.924429 -0.100247 -0.952483 -0.660039 0.298367 
-0.461398 0.173453 0.351576 -0.745023 -1.0174 -0.385081 -0.0946056 0.162619 -0.49568 -0.43288 
-0.47674 -0.639439 -0.54552 0.224277 0.103824 -0.176316 0.611793 0.72182 0.155774 0.0505893 
-0.311521 -0.847448 -1.02362 -0.52895 0.0863596 -0.0119462 -0.514141 -1.03659 0.209919 -0.230757 
-0.558662 -0.342818 0.424617 -0.476832 -0.366098 -0.236537 0.887302 0.882905 0.672153 -0.772422 
0.412656 0.514798 0.551715 -0.496104 -0.714959 0.649911 0.478195 -0.218701 0.503157 0.355454 
-0.301845 0.489057 -0.871989 -0.888795 -0.317506 -0.858194 0.244576 0.170075 -1.09348 -0.622936 
-0.689394 0.742269 0.014172 -0.764594 -0.0110878 0.635041 0.979498 0.0514458 -0.943158 0.680956 
0.559862 -0.467421 0.624097 -0.193269 -1.034 -0.741846 0.2363 -0.549823 -1.01835 -0.262695 
0.142332 0.53052 -0.569061 -0.867372 0.940421 -0.385735 -0.387301 0.280989 0.708671 0.261862 
0.510231 0.0119816 -0.559016 -0.537909 -0.538355 -0.0786467 0.611616 -0.682841 0.777236 -0.631846 
-0.66332 -0.96865 -0.61523 -0.453831 0.127318 -0.76419 0.536975 -1.06373 0.342651 -0.0662238 
-0.486893 0.34228 0.337069 0.280182 -0.18206 0.813461 0.715169 0.0148688 -0.319119 -0.326517 
-0.610656 -0.932461 -0.500015 1.05324 -0.244332 0.102753 0.307277 0.559804 -0.573514 0.38581 
-0.0102578 -0.385764 -0.259683 0.324038 0.726323 -0.516797 -0.336584 -1.09667 0.0981581 -1.05706 
0.444973 -0.514444 -0.0878766 -0.249034 0.16707 0.205277 0.490987 0.873437 -0.0901235 0.531697 
-0.918195 0.340034 -0.800428 0.100253 0.0520976 0.420096 0.0900485 0.500618 -0.888155 0.306447 
-0.214126 -0.441059 0.690919 0.337888 -0.133534 0.561095 -0.840766 -0.0365556 0.832463 0.475222 
0.846028 0.299124 0.876484 -0.86921 -0.811622 0.940545 -0.25816 0.458666 -0.65642 -0.505678 
-0.922438 -0.522669 0.981452 0.203317 0.718356 -0.862385 -0.588655 0.697726 -0.230207 -0.987774 
-0.490548 -0.644568 -0.768002 0.764995 -0.382019 0.719923 -0.763885 -0.736 -0.291016 -0.297226 
-0.456 -0.95 -0.459 -0.699 -0.656 0.427 -0.859 -0.09 0.696 -0.176 
0.683012 0.0979863 -0.360052 0.132253 0.569992 0.753992 0.534997 -0.0969732 0.444884 0.608456 
0.411058 -0.96934 -0.0828675 0.659554 0.317329 -0.56695 -0.58771 -0.910149 -0.541024 -0.868486 
-0.402483 0.507792 -0.351509 0.460166 0.79571 0.800622 -0.674673 -0.283535 0.233943 -0.0318466 
0.723165 -0.645288 0.0141481 0.45866 -0.205946 -0.43616 0.632015 -0.819805 -0.980833 -0.371758 
0.206688 -0.782117 0.384693 -0.0482029 -0.0741793 0.338243 -0.337132 0.090625 -1.02435 0.782787 
0.292966 -0.669556 -0.616781 0.960318 -0.504523 0.835219 -0.195419 0.561563 0.300021 0.834629 
-0.529259 -0.878671 -0.438408 -0.0765178 0.0086449 0.268679 -0.538043 -0.450318 -0.177189 -0.828139 
-0.54221 -0.280508 -0.543504 0.0188665 -0.183735 -1.01977 -0.555437 -0.100103 -0.192103 -0.575059 
0.802262 0.6112 0.565481 0.552484 -0.456639 0.166127 0.638591 -0.0939428 -1.02674 -0.334809 
-0.0808981 0.0788411 0.790764 -0.853041 0.297547 0.242015 -0.185538 -0.177499 -0.526999 -0.513972 
0.4935 -0.596809 -0.780688 -0.55368 -0.752773 -0.668691 1.29786 -0.187135 0.155676 -0.120723 
-0.0640454 0.228896 -1.06233 0.461847 -0.599365 0.131722 -0.17228 -0.244205 -0.287637 -0.778998 
-0.476846 0.506073 -0.0548752 -0.252869 0.563271 -0.897091 1.02963 -0.0410496 0.697063 -0.361762 
0.128272 -0.806172 -0.687565 0.424346 0.31139 0.358406 -0.106522 -0.00953728 -0.285354 -0.0028685 
-0.781255 -0.700293 -0.221074 0.396545 0.175869 0.217823 0.135878 -0.822658 0.0461639 0.232287 
0.513083 0.43189 0.178254 0.467512 0.0740953 -0.559657 -0.0374814 0.380256 -0.369342 -0.772667 
-0.190305 -0.112171 -0.963173 -0.624461 0.704374 -0.707127 -0.425709 -0.771564 -0.308117 -1.07313 
-0.0227576 -0.160443 -0.262316 -0.319797 -0.366632 -0.927117 -0.43358 0.714973 -0.00666803 0.601428 
-0.746324 0.13147 -0.57148 -0.0780547 -0.390595 0.761078 -0.00379789 0.135306 -0.165764 -0.0821769 
-0.23935 -0.263212 0.592409 0.221894 -0.652092 0.0163906 -0.145909 -0.736725 0.421469 -0.646208 
0.0203016 0.740342 0.83186 0.167062 0.568667 0.562214 0.516761 -0.046612 0.605052 0.0549407 
-0.801522 -0.858688 -0.880668 0.293506 -0.329788 0.969093 0.109683 -0.0492287 0.344856 0.361339 
-0.959744 0.889677 -0.19138 -0.292122 0.611555 -0.68249 0.204109 0.0456087 0.0794342 0.682783 
-0.948874 -0.58667 -0.606878 -0.471148 0.453704 -0.39997 -0.306425 0.41711 -0.609795 0.465392 
-0.742744 0.92479 0.726989 0.00454339 -0.112284 0.319923 0.533212 0.118181 -0.78307 0.359196 
-0.528668 0.669485 0.16112 -0.988407 0.823597 -0.271221 0.486063 -0.964156 -0.80507 0.82709 
-0.451002 0.300161 0.700998 -0.206013 -0.439 0.303 -0.00800046 0.959 -0.0520016 0.206 
-0.387001 -0.0309964 0.638999 0.454993 -0.439 -0.349 -0.59 -0.323 -0.424 -0.461001 
0.22199 0.501987 -0.776003 0.196943 -0.151017 -0.977008 0.911999 0.722998 0.713909 0.370674 
-0.194115 0.618228 -0.0179424 0.180799 0.29761 -0.851269 -0.855045 -0.503414 0.464425 0.442261 
0.420989 -0.614828 0.533358 -0.684336 0.677171 0.289525 0.447142 0.144639 0.939528 -0.420883 
0.554029 0.81563 0.68019 -0.529893 0.549059 0.418209 -0.925457 -0.619298 0.536505 -0.711327 
-1.02583 -0.122609 -0.774746 -0.622704 -0.148286 -0.0504936 -0.689029 -0.295692 0.213445 -0.895276 
0.700766 0.550385 0.287874 -0.0811781 -0.0887435 0.926443 0.767216 -1.02142 -0.228993 0.702365 
0.617196 0.77637 0.321693 0.402281 0.351149 0.318507 -1.14677 0.589907 0.715444 -0.551748 
-0.1275 0.740626 0.559847 -0.601166 -0.634297 -0.844527 0.622705 -0.290257 -0.18613 0.754008 
1.11151 0.827795 -0.425415 -0.752655 -0.434201 0.376683 -0.703879 0.319297 0.561968 -0.958913 
-0.289892 0.382665 -0.723853 0.30197 -0.661206 0.549703 -0.324071 -0.785963 0.0454528 -1.1642 
0.0338784 -0.177336 -0.281349 -0.342207 -0.937496 0.00418429 0.256904 0.593732 -0.0888877 0.665675 
0.915817 -0.609995 0.0810156 -0.23805 -0.0578133 0.197555 -0.311002 0.0286079 0.50552 0.245161 
-0.233388 -0.883383 -1.13801 0.858551 -0.34331 0.0142651 0.411313 0.807734 -0.49148 0.475887 
0.0977485 0.484592 0.186669 0.462353 -0.530899 0.12224 -0.289335 -0.832078 -0.636687 -0.482429 
-0.852782 -0.236067 0.789836 0.228985 -0.381411 0.270366 0.784539 -0.0119304 -0.401818 0.266145 
-0.145108 0.576287 -0.28494 0.941221 -0.533841 0.858382 0.739446 0.646059 0.333331 -0.180394 
0.569385 -0.132168 0.722197 -0.746972 -0.831965 -0.538336 0.348667 -0.345491 -0.909102 -0.131311 
-0.306715 -0.216085 0.648962 0.590429 -0.846718 0.791878 0.539842 0.510779 0.589984 -0.0483389 
0.156271 -0.185394 0.895336 -0.676539 -0.117712 -0.992877 0.0550575 -1.01018 0.625477 0.515134 
-0.177807 -0.0795573 -0.108946 0.448085 0.75836 -0.888314 0.218979 -0.366467 0.517325 0.274878 
0.0470256 0.397799 0.0679561 -0.953609 -0.483422 -0.843456 0.600923 -0.874188 0.152239 0.736376 
0.780209 0.667077 -0.258602 -0.520251 0.731448 -0.448802 -0.159206 -0.983972 -0.152706 -0.573108 
0.616966 0.0366235 -0.241045 0.207993 0.391998 -0.659414 0.753215 -0.83295 -0.792885 0.905957 
0.219092 0.691495 -0.874335 -0.495061 0.167756 -0.584167 -0.352997 0.751608 -0.715866 -0.804681 
-0.268794 0.518949 -0.394908 0.482478 0.794708 0.567878 -0.610513 0.249489 0.412018 0.651765 
0.78392 -0.418539 -0.651992 -0.408539 -0.202146 0.361916 0.602295 0.664945 0.73453 -0.783308 
0.671051 -0.336001 -0.401 -0.392 0.847 -0.986001 -0.086 0.212 0.507 -0.378 
-0.673001 -0.507996 -0.680001 -0.00100703 0.898 0.271 -0.614 -0.808 -0.448 -0.783001 
-0.476 -0.0119999 -0.307001 0.0890571 0.688 -0.586 -0.704 -0.732 -0.654014 0.357988 
0.735606 0.743708 0.567935 -0.186327 -0.175133 0.646817 -0.779007 0.236416 -0.357924 0.906226 
0.653898 -0.455985 -0.453895 0.111993 -0.75485 -0.990628 -0.980704 0.426734 -0.530629 -0.31029 
-0.51164 -0.16924 -0.901826 -0.421091 0.753002 0.0453648 -0.329388 -0.143055 0.713662 0.00281643 
-0.132228 -0.689318 0.117583 -0.404451 0.755629 -0.275699 -1.03121 -0.102425 -0.317306 0.626407 
-0.471047 -0.11595 -0.869002 1.09632 -0.683081 -0.776492 0.864276 -0.151372 0.239242 -0.695478 
-0.134809 -0.169923 0.648817 0.368426 0.662722 -0.103394 -0.929644 -0.322819 -0.377725 -0.261599 
-0.558109 -0.823173 0.529222 0.5493 0.335542 0.200268 -0.571451 -0.235783 0.322969 0.460462 
-0.457798 0.0146887 -0.336565 0.798338 -0.623226 -0.526447 -0.3858 -0.426689 -0.347905 0.356614 
0.739605 -0.321686 -0.0797833 0.70797 -1.03213 0.789917 -0.00207738 -0.694583 0.673285 0.609458 
-0.344856 -0.687405 0.1918 0.160238 0.198715 0.60363 0.308191 0.960316 -0.808378 -0.803566 
-0.286489 0.245218 0.620856 -0.675987 0.620226 0.739025 -0.686355 -0.957555 -0.893961 -0.475816 
-0.304437 -1.07563 -0.56368 -0.0156219 -0.862412 -0.79514 -0.56577 0.105752 -0.378961 -0.00939114 
-0.548291 0.0143304 -0.534995 -0.492644 0.518549 -0.452827 -0.0400388 0.601547 0.740806 -0.496596 
-0.233151 0.42931 -0.763861 -0.568209 -0.605218 -0.0563145 0.469813 0.800109 -0.57083 -0.753048 
0.520797 0.24139 -0.79784 0.864634 0.0154759 -0.86789 -1.30957 -0.986099 -0.438988 0.525578 
-0.5945 -0.0186058 0.467922 -0.865241 0.206969 -0.158884 -0.782373 -0.961482 0.624529 -0.0247937 
-0.824691 0.150705 -0.962749 -0.746183 0.188157 -0.393835 -0.968192 -0.0862712 -0.795422 -0.389188 
-0.46733 -1.04936 -0.342023 0.506364 0.629635 -0.127961 -1.08026 0.765706 0.103261 -1.10205 
0.14334 -0.950829 -0.299742 -0.544521 0.675784 0.70526 -0.0318496 0.564017 0.392865 0.677569 
0.3718 -0.58408 0.495106 -0.362062 0.344575 0.191118 -1.10786 0.428279 -0.117669 -0.770305 
0.146808 0.805832 -0.831283 -0.954903 -0.408687 -0.917598 -0.267733 0.196467 0.109853 -0.684328 
0.523497 -0.591683 0.262716 -0.486993 0.815829 0.626807 -0.381797 -0.909822 0.00784463 -0.489069 
-0.369565 -0.741209 0.834253 0.53633 0.725149 0.495706 0.00631967 -0.397662 -0.589628 -0.704159 
-0.264587 -0.90083 -0.984964 0.0595916 -0.883377 -0.684203 0.989387 -0.849936 -0.357165 0.537331 
-0.217597 0.453878 0.886998 -0.988019 0.911962 -0.0780188 0.836443 -0.82602 0.0909877 -0.192038 
0.718094 0.850998 -0.723 0.623 0.852 0.210999 -0.77 -0.411 -0.999 -0.985 
-0.513 -0.272 0.029 0.921 0.987 0.863 0.327 0.488 0.477 -0.286 
-0.154 -0.525 0.082 0.831 0.839 -0.381 -0.831 0.647 0.362 -0.594 
-0.440859 -0.248065 -0.0950906 -0.432766 -0.280055 -0.620049 0.440994 -0.450784 0.338893 0.737586 
0.114442 -0.0519564 0.00458788 -0.028778 -0.0121168 -0.375853 0.481926 0.100404 -0.348731 0.379168 
0.404727 0.610229 -0.399164 0.143766 0.7819 -0.954176 -0.673525 0.427181 0.610989 -0.256727 
0.37533 -0.67972 0.691715 0.352351 -0.0641508 0.39448 -0.197409 -0.488352 0.90788 0.574035 
0.756139 -0.584376 -0.136858 0.207249 0.450493 0.943835 -0.856163 0.703518 -0.126493 0.6749 
0.548375 0.366772 0.54915 0.589616 0.865357 0.224593 0.89223 0.512108 0.681831 0.356489 
0.22585 0.135461 -0.996523 0.0233894 0.216854 0.776224 0.604743 0.756761 0.458885 -0.604964 
-0.501174 -0.26839 -0.563206 -0.35081 -0.886857 0.757259 -1.13566 -0.777205 -0.568665 -0.443663 
0.596405 -0.251169 -0.845998 0.734729 -0.739804 -0.606375 -0.688614 -0.460647 -0.236669 -0.967545 
-0.609929 0.287607 0.419302 0.0331057 -0.388035 -0.299591 0.53627 0.909963 -0.391118 -0.705173 
0.94011 0.277796 -0.703374 -0.118725 -0.415843 0.108505 -0.77815 -0.122448 0.73602 -0.407222 
-0.232064 0.226745 -0.288274 0.0766087 -0.0126287 -0.858115 0.394607 -0.869929 -0.11275 0.637577 
0.339182 -0.533606 -0.80113 -0.272932 -0.854955 -0.119406 -0.872549 -0.609297 -0.193577 -0.850378 
-0.76523 0.878783 -0.414285 0.768214 -0.62477 0.910383 0.0649449 -0.0737341 0.0894337 -0.387791 
-0.469449 -0.475898 0.586671 0.220688 -0.64672 0.16939 0.486375 0.0982408 -0.676923 0.67584 
-0.61531 0.327835 0.413306 -0.0856982 0.398582 0.304523 0.127326 0.226914 -0.569751 -0.0338039 
0.188421 0.868862 -0.844238 -0.0281601 0.675884 -0.0453178 -0.631184 -0.303325 0.309497 0.475387 
-0.253329 -0.761056 0.0643625 0.331943 0.893275 0.0236642 -0.190654 0.248684 0.722626 0.801966 
-1.04733 -0.100539 -0.810056 -0.167578 0.0594942 0.41513 -0.265552 0.365918 -0.987179 -0.546134 
-0.831646 -0.369655 -0.850402 0.172385 0.236344 0.353475 -0.0884119 0.643613 -1.00929 -0.141022 
-0.73518 0.518722 -0.714724 0.828507 -0.0330247 -0.0486749 -0.563039 0.312281 -0.79456 -0.10417 
-0.11552 -0.28383 0.642274 0.590712 -0.564787 0.351444 -0.0446037 -0.0714012 -0.184206 -0.199579 
0.705501 -0.201122 -0.503008 0.790619 -0.261091 0.246356 0.355096 -0.859667 -0.897293 -0.145216 
-0.245105 0.053188 -0.143992 -0.555385 -0.738117 -0.00426053 -0.352427 -0.210918 -0.935012 -0.294555 
0.126991 -0.551656 -0.573007 0.503103 0.275987 -0.735007 -0.325225 0.245999 0.780997 0.802957 
0.815 -0.737 -0.24 0.316 -0.419 0.777 -0.467 0.828 -0.216 -0.297 
-0.556 -0.524 -0.626 -0.892 0.535 -0.598 0.935 -0.559 0.786 -0.607 
0.32 0.414 -0.056 0.857 -0.088 -0.696 0.496 0.691 -0.294 -0.174 
-0.784297 0.582977 -0.86702 -0.487221 -0.0240091 -0.695109 0.665 0.205141 0.097974 -0.5821 
0.615488 -0.210001 0.0237397 -0.523667 -0.150178 0.933591 -0.505013 -0.0261489 0.0748392 0.693346 
0.776948 0.4634 -0.244363 0.668241 0.506873 0.458648 0.681942 -0.404648 0.493398 0.117522 
0.917594 0.952078 0.539935 0.179961 0.134198 0.463003 0.372372 -0.223458 -0.944136 0.333388 
-0.919247 -0.428039 -0.626856 1.02221 -0.740488 -0.79256 -0.942871 -0.325723 -0.880908 -0.443554 
0.106925 -0.939316 0.700239 -0.10387 0.714095 0.253835 0.954212 -0.144772 -0.987705 0.582032 
-0.520692 0.750999 0.892741 0.563243 0.606803 0.142682 -0.873278 -0.24807 0.112065 0.76727 
-0.523031 -0.751284 -0.891917 0.484375 -0.300393 0.0699311 0.00898668 0.768938 -0.762461 -0.563713 
-0.494966 0.311651 0.19513 0.151322 0.672792 0.586651 -0.105604 0.814201 -0.179413 -0.462177 
-0.685748 -0.279952 -0.875035 0.508202 -0.622126 -0.841315 -0.0534766 0.396845 -0.944389 -0.678522 
-0.194896 -0.591489 0.245556 -0.774611 -0.913221 0.540921 0.188921 0.103773 0.691674 0.302173 
-0.315509 -0.603866 0.148046 0.842529 -0.988527 -0.255045 -0.89843 0.747668 -0.906744 0.0160639 
-0.0634619 0.492176 0.114689 0.724793 -0.000328106 0.867779 0.328183 -0.113053 0.601472 -0.569109 
0.457829 0.663777 -0.074909 -0.928572 0.615133 0.41683 0.665633 1.00366 -0.914053 0.271531 
-0.262447 -0.379366 0.238631 -0.734154 -0.265057 -0.970273 -0.594223 -0.0807866 -0.0916445 -0.682404 
0.169034 0.221272 -0.76613 -0.302698 -0.970837 -0.312601 -0.912265 -0.476992 -0.117261 -0.635293 
-0.928205 -0.188413 0.145527 -0.950606 -0.179528 -0.840843 0.417912 -0.56112 -0.767037 -0.040169 
0.136816 0.667534 0.104001 0.439713 0.41971 0.286012 -0.699828 -1.04232 0.0178883 0.848444 
0.587548 0.0876393 -0.601308 -0.0517406 -0.961459 -0.633698 0.17796 0.443677 -0.888093 -0.386598 
-0.446076 -0.358043 0.82452 -0.829322 -0.508612 0.00264692 -0.986987 0.486814 0.82868 0.149168 
-0.810381 -0.100391 -0.269806 0.439621 -0.368937 0.203277 0.898132 -0.434144 -0.524878 0.818425 
-0.098654 -0.0107099 0.406856 -0.230486 0.885184 -0.933782 0.380471 -0.869887 0.834504 -0.684085 
-0.961943 -0.827238 0.0689795 0.571319 0.44124 0.825862 -0.807527 0.334901 -0.605033 0.102672 
-0.683992 0.00736219 0.021999 -0.236303 0.947919 0.0072937 0.771533 0.00718263 0.79 0.157478 
0.0469969 -0.168918 0.0860031 0.695997 -0.0940251 0.467 0.813985 -0.810008 0.467 0.60498 
0.511 -0.617 -0.347 0.439 -0.174 0.942 0.929 0.44 0.527 -0.46 
0.886 -0.557 0.047 -0.847 -0.53 -0.39 0.605 -0.291 -0.029 -0.529 
0.242 -0.668 -0.158 -0.58 0.225 -0.119 0.718 -0.412 0.351 0.252 
0.856999 -0.135002 -0.0250019 0.430186 0.351 -0.898002 0.749999 0.787868 -0.253003 -0.927922 
0.289883 0.218784 0.71663 0.993704 0.75993 -0.243997 -0.908 0.693805 0.198984 0.03196 
-0.153668 -0.130512 -0.661825 0.936499 -0.557135 -0.144447 -0.514012 -0.966394 -0.636382 -1.00239 
-0.672804 0.0167491 0.134685 -0.937726 0.708056 -0.105837 -0.253143 -0.461736 0.31757 0.632558 
0.128847 0.114615 -0.77174 0.000819668 -0.511724 0.373908 -0.45761 -0.483715 0.0452759 -0.43744 
-0.0513766 0.14469 0.694066 0.495684 0.977487 -0.888654 0.280171 -0.497091 -0.237825 0.631286 
-0.72716 -0.734967 -0.401757 -0.283269 0.988253 -0.0978897 0.455052 0.492092 0.615536 -0.933843 
-0.896678 0.4397 0.901116 -0.896438 0.414817 -0.545571 -0.507746 -0.105231 -0.0868774 0.202545 
-0.327354 0.172621 0.335314 0.383694 0.581266 0.490512 -0.543235 0.32411 -0.886834 -0.534304 
0.352232 0.0464413 0.821341 0.126978 -0.670135 -0.208566 -0.178215 1.07063 0.955921 -0.080233 
0.513852 -0.0566562 -0.354711 -0.362093 0.0555901 -0.303445 0.783133 0.433372 -0.797701 0.786651 
0.0334671 -0.944029 -0.384189 0.0671019 -0.0385523 -0.713913 -0.414378 0.276839 -0.527968 -0.660712 
-0.476764 -0.745122 -0.303331 -0.484495 0.171571 0.736834 -0.727636 -0.184205 -0.778617 -0.134865 
0.0483063 0.0871396 -0.253865 -0.064911 -0.752909 -0.591571 -0.182541 -0.181519 0.942923 0.103034 
0.637052 -0.339431 -0.181838 -0.473406 -0.709828 0.568713 -0.127944 0.240581 -0.616081 0.432481 
-0.846587 -0.411999 0.563079 -0.3805 0.824389 -0.443001 0.677852 1.04525 0.359528 0.042333 
0.122058 -0.940757 0.0988477 0.254907 -1.03879 0.979425 -0.618603 0.458209 0.405366 0.201455 
0.767571 -0.595082 -0.775272 0.656182 0.905274 0.0241334 0.106844 -0.772688 -0.328271 0.209187 
0.177907 -0.599933 0.43416 0.519272 0.93725 0.564278 -0.194062 0.664981 -0.913157 0.276106 
-0.418205 0.724547 -0.893383 0.867296 -0.594078 -0.632164 0.0891823 0.345219 0.352876 0.231068 
-0.0740455 -0.617329 -0.389198 -0.691051 -0.598833 0.945116 -0.804507 0.0273858 0.659213 0.295256 
0.717801 0.188728 -0.968521 0.222403 0.785036 -0.822141 -0.263806 0.500496 0.136779 -0.104505 
-0.537469 -0.823043 0.800987 -0.797018 0.911609 -0.169757 0.313323 -0.900906 -0.00203467 -0.896014 
-0.402006 -0.883004 0.790001 -0.132003 0.373978 0.691941 -0.552011 -0.894008 0.184 -0.151733 
0.925997 -0.433002 -0.764997 -0.593003 0.976973 0.471 0.204994 -0.970009 -0.08 -0.155021 
0.458 -0.241 -0.402 0.042 -0.192 -0.723 -0.934 0.633 0.505 -0.722 
0.29 0.311 0.44 -0.983 -0.598 -0.131 0.543 -0.152 -0.774 -0.24 
-0.943 -0.137 0.646 -0.51 -0.332 0.526 0.386 -0.39 0.649 -0.661 
-0.187 0.162 -0.642 -0.78 -0.563 0.815 -0.125 -0.628 -0.124 0.39 
0.428999 -0.445001 -0.990005 0.077 -0.216 0.275 0.435 0.976 -0.160004 -0.951999 
-0.471065 -0.810057 -0.368155 0.366995 -0.363 0.322988 0.444997 0.00458758 0.993437 -0.913911 
0.731534 0.451638 0.271507 -0.459036 0.924999 0.200956 -0.145014 0.314579 -0.62291 0.39201 
-0.570512 0.258374 -0.282353 -0.174271 -0.875024 -0.310114 -0.811069 0.742833 0.933506 0.847593 
0.714687 -0.120815 -0.398577 0.426938 -0.687103 -0.952334 -0.974205 -0.285042 0.724912 0.709025 
-0.53828 -0.449217 0.941704 0.884757 -0.527281 -0.0249403 0.749606 -0.238507 0.950822 0.233485 
-0.503996 0.30206 -0.428893 -0.234431 0.610605 -0.223552 -0.237508 -0.709516 0.566595 0.0148202 
0.933288 -0.0846889 0.343498 0.656417 -0.640091 -0.583961 -0.615892 -0.906913 0.484061 0.637721 
-0.103294 -0.426308 -0.324551 -0.622081 -0.106035 -0.198464 0.114375 -0.69388 -0.373855 -0.886826 
-0.603979 0.266268 -0.359371 0.619417 -0.910062 -0.257215 0.9588 0.194027 -0.716448 -0.472506 
0.881606 0.771284 -0.897236 -0.838068 -0.503393 -0.205309 -0.892543 0.947441 0.255709 0.697921 
0.172688 0.0156537 -0.505416 -0.873344 -0.563373 -0.363807 0.256771 0.362222 -0.531529 0.868292 
-0.663012 -0.0446851 -0.20395 0.591971 0.465068 0.558369 -0.0879378 -0.476095 -0.293213 0.540804 
-0.899173 0.855973 -0.280704 0.766699 0.819456 0.672036 0.283354 -0.220606 0.1387 -0.102335 
0.657044 -0.926103 0.551189 -0.0550543 -0.479714 -0.372834 -0.327336 -0.767797 -0.363237 -0.550886 
0.83233 -0.724657 -0.941992 -0.911693 -0.678882 -0.564407 0.0515381 0.433483 -0.862007 -0.00950792 
-0.289519 -0.804174 0.3034 -0.643761 -0.613865 -0.0280006 -0.188176 0.192045 -0.609542 -0.793723 
0.630976 -0.667047 0.558631 0.115231 0.764652 -0.400692 -0.794178 -0.524484 -0.448934 -0.118268 
-0.550165 0.651706 0.170855 -0.410774 0.716831 0.272393 -0.912888 0.45357 0.373733 0.176956 
0.60737 -0.526296 0.648967 0.928616 -0.372073 0.394873 -0.417321 0.831495 0.126799 -0.952593 
-0.000997373 0.984723 0.989975 0.771977 -0.361946 0.770944 -0.207049 0.695692 -0.627023 -0.938104 
-0.0920007 -0.284 0.3 -0.261 -0.172999 0.496999 0.871998 -0.422006 0.288999 0.772 
0.693 0.657998 -0.00102725 0.478 0.366 0.61 -0.358 0.995087 0.566974 0.577 
0.854 -0.546 0.992 0.602 -0.774 0.994 0.045 0.374 -0.452 0.883 
-0.556 0.881 0.975 -0.33 -0.153 -0.682 -0.902 0.967 0.594 0.572 
-0.933 0.138 -0.009 0.789 0.268 -0.54 -0.488 -0.7 -0.188 -0.566 
0.677 0.575 -0.383 0.89 -0.953 -0.01 0.34 -0.295 -0.516 0.643 
0.814 -0.436 0.5 -0.702 0.682 0.875 -0.63 -0.077 -0.502 0.051 
-0.136 -0.323 0.023 -0.74 -0.236 0.117 0.467 -0.23 -0.081 -0.145 
-0.703002 0.726998 -0.335026 -0.700004 0.888 -0.0310002 0.813 -0.601814 0.243997 -0.641001 
-0.150008 -0.544014 0.604895 0.809986 -0.572 0.912997 -0.58 -0.117006 0.0319878 0.265643 
-0.613007 -0.369035 0.463107 0.50097 0.379992 -0.415003 -0.298006 0.0755704 0.652934 -0.406411 
-0.773002 -0.612107 0.952135 0.801922 0.865959 0.167997 0.146967 -0.623993 0.13687 -0.367091 
-0.688211 0.861772 0.318066 0.100914 -0.445115 -0.315005 -0.914031 0.123003 -0.259078 0.762961 
-0.353884 0.931547 -0.334415 -0.0471594 0.145889 -0.787016 0.593994 0.714133 -0.925045 0.266278 
-0.2724 -0.519739 -0.493463 0.801613 -0.506022 -0.42904 -0.494005 -0.287003 0.954892 0.14142 
-0.558686 0.223048 -0.223291 -0.899499 -0.969019 -0.260079 -0.697008 -0.056851 -0.472057 -0.44418 
-0.418248 -0.730492 0.847935 -0.0898239 -0.212015 0.562796 -0.600013 0.562734 0.513971 0.499229 
-0.965259 -0.289518 0.373855 -0.717758 -0.894067 -0.742424 0.396959 -0.57227 -0.841017 0.109563 
-0.594556 -0.90477 0.820356 -0.745425 -0.127266 -0.125424 -0.604492 -0.251985 -0.89505 -0.226162 
-0.61817 0.14196 0.139791 -0.869654 -0.613413 -0.162577 -0.723921 -0.587321 -0.248189 0.367118 
-0.320327 -0.229895 -0.416854 0.521374 0.580507 0.446153 -0.132096 0.973641 0.998711 0.591882 
0.518841 -0.758123 -0.290246 -0.294127 0.628911 -0.152229 0.453986 0.996476 -0.510299 -0.804898 
0.452073 -0.0750205 -0.273519 0.86708 -0.0363645 0.554907 0.904975 0.305698 0.206803 0.348461 
0.39317 0.323 -0.6591 0.0465272 -0.36644 -0.216103 0.425986 0.792171 -0.389039 -0.178614 
-0.134037 -0.742 -0.589106 -0.202488 -0.196441 -0.0151195 -0.497017 -0.63668 -0.392013 0.923316 
0.0375229 0.401 0.936965 -0.989556 0.34694 -0.0811209 0.0908539 0.149451 0.159919 0.405379 
0.421767 -0.91 0.329993 0.280613 0.887922 -0.205163 0.637814 0.412891 0.983909 0.646734 
-0.345632 -0.629 0.502 0.1 0.760993 0.716971 0.964973 -0.460723 0.500994 -0.577001 
0.815 0.409 -0.947 -0.998 -0.569 0.585 0.089 0.807 0.944 0.535 
0.264 -0.188 0.627 -0.016 -0.245 -0.905 -0.115 -0.551 0.238 0.755 
-0.585 0.741 0.056 -0.391 -0.981 0.827 -0.138 -0.752 -0.221 0.343 
-0.269 -0.249 -0.749 0.096 -0.502 -0.021 0.138 -0.694 0.991 -0.699 


